-4	10659.5
-3.98667	10379
-3.97333	10105.9
-3.96	9839.98
-3.94667	9581.05
-3.93333	9328.93
-3.92	9083.44
-3.90667	8844.42
-3.89333	8611.69
-3.88	8385.08
-3.86667	8164.43
-3.85333	7949.59
-3.84	7740.4
-3.82667	7536.72
-3.81333	7338.39
-3.8	7145.29
-3.78667	6957.27
-3.77333	6774.19
-3.76	6595.93
-3.74667	6422.37
-3.73333	6253.37
-3.72	6088.81
-3.70667	5928.59
-3.69333	5772.59
-3.68	5620.68
-3.66667	5472.78
-3.65333	5328.77
-3.64	5188.55
-3.62667	5052.01
-3.61333	4919.07
-3.6	4789.63
-3.58667	4663.6
-3.57333	4540.88
-3.56	4421.39
-3.54667	4305.04
-3.53333	4191.76
-3.52	4081.45
-3.50667	3974.05
-3.49333	3869.48
-3.48	3767.66
-3.46667	3668.51
-3.45333	3571.98
-3.44	3477.99
-3.42667	3386.47
-3.41333	3297.35
-3.4	3210.59
-3.38667	3126.1
-3.37333	3043.84
-3.36	2963.74
-3.34667	2885.76
-3.33333	2809.82
-3.32	2735.88
-3.30667	2663.89
-3.29333	2593.79
-3.28	2525.54
-3.26667	2459.08
-3.25333	2394.37
-3.24	2331.36
-3.22667	2270.02
-3.21333	2210.28
-3.2	2152.12
-3.18667	2095.49
-3.17333	2040.35
-3.16	1986.66
-3.14667	1934.38
-3.13333	1883.48
-3.12	1833.92
-3.10667	1785.66
-3.09333	1738.67
-3.08	1692.92
-3.06667	1648.37
-3.05333	1604.99
-3.04	1562.76
-3.02667	1521.64
-3.01333	1481.6
-3	1442.61
-2.98667	1404.65
-2.97333	1367.69
-2.96	1331.7
-2.94667	1296.65
-2.93333	1262.53
-2.92	1229.31
-2.90667	1196.96
-2.89333	1165.46
-2.88	1134.8
-2.86667	1104.94
-2.85333	1075.86
-2.84	1047.55
-2.82667	1019.98
-2.81333	993.144
-2.8	967.01
-2.78667	941.564
-2.77333	916.787
-2.76	892.663
-2.74667	869.173
-2.73333	846.301
-2.72	824.031
-2.70667	802.348
-2.69333	781.234
-2.68	760.677
-2.66667	740.66
-2.65333	721.17
-2.64	702.193
-2.62667	683.716
-2.61333	665.724
-2.6	648.206
-2.58667	631.149
-2.57333	614.541
-2.56	598.37
-2.54667	582.624
-2.53333	567.293
-2.52	552.365
-2.50667	537.83
-2.49333	523.677
-2.48	509.897
-2.46667	496.479
-2.45333	483.415
-2.44	470.694
-2.42667	458.308
-2.41333	446.248
-2.4	434.506
-2.38667	423.072
-2.37333	411.939
-2.36	401.099
-2.34667	390.545
-2.33333	380.268
-2.32	370.261
-2.30667	360.518
-2.29333	351.031
-2.28	341.794
-2.26667	332.8
-2.25333	324.043
-2.24	315.516
-2.22667	307.213
-2.21333	299.129
-2.2	291.258
-2.18667	283.594
-2.17333	276.131
-2.16	268.865
-2.14667	261.79
-2.13333	254.901
-2.12	248.193
-2.10667	241.662
-2.09333	235.303
-2.08	229.111
-2.06667	223.083
-2.05333	217.212
-2.04	211.497
-2.02667	205.931
-2.01333	200.512
-2	195.236
-1.98667	190.098
-1.97333	185.096
-1.96	180.225
-1.94667	175.483
-1.93333	170.865
-1.92	166.369
-1.90667	161.991
-1.89333	157.729
-1.88	153.578
-1.86667	149.537
-1.85333	145.602
-1.84	141.77
-1.82667	138.04
-1.81333	134.407
-1.8	130.871
-1.78667	127.427
-1.77333	124.074
-1.76	120.809
-1.74667	117.63
-1.73333	114.534
-1.72	111.521
-1.70667	108.586
-1.69333	105.729
-1.68	102.946
-1.66667	100.237
-1.65333	97.5998
-1.64	95.0315
-1.62667	92.5308
-1.61333	90.096
-1.6	87.7252
-1.58667	85.4167
-1.57333	83.1691
-1.56	80.9805
-1.54667	78.8496
-1.53333	76.7747
-1.52	74.7544
-1.50667	72.7873
-1.49333	70.872
-1.48	69.007
-1.46667	67.1912
-1.45333	65.4231
-1.44	63.7015
-1.42667	62.0253
-1.41333	60.3931
-1.4	58.8039
-1.38667	57.2565
-1.37333	55.7499
-1.36	54.2829
-1.34667	52.8545
-1.33333	51.4636
-1.32	50.1094
-1.30667	48.7908
-1.29333	47.5069
-1.28	46.2568
-1.26667	45.0396
-1.25333	43.8544
-1.24	42.7004
-1.22667	41.5768
-1.21333	40.4827
-1.2	39.4175
-1.18667	38.3802
-1.17333	37.3703
-1.16	36.3869
-1.14667	35.4294
-1.13333	34.4971
-1.12	33.5893
-1.10667	32.7055
-1.09333	31.8448
-1.08	31.0069
-1.06667	30.1909
-1.05333	29.3965
-1.04	28.6229
-1.02667	27.8698
-1.01333	27.1364
-1	26.4223
-0.986667	25.727
-0.973333	25.05
-0.96	24.3909
-0.946667	23.749
-0.933333	23.1241
-0.92	22.5156
-0.906667	21.9231
-0.893333	21.3462
-0.88	20.7845
-0.866667	20.2376
-0.853333	19.7051
-0.84	19.1865
-0.826667	18.6817
-0.813333	18.1901
-0.8	17.7114
-0.786667	17.2453
-0.773333	16.7915
-0.76	16.3497
-0.746667	15.9195
-0.733333	15.5005
-0.72	15.0927
-0.706667	14.6955
-0.693333	14.3088
-0.68	13.9323
-0.666667	13.5657
-0.653333	13.2087
-0.64	12.8611
-0.626667	12.5227
-0.613333	12.1932
-0.6	11.8723
-0.586667	11.5599
-0.573333	11.2557
-0.56	10.9595
-0.546667	10.6711
-0.533333	10.3903
-0.52	10.1169
-0.506667	9.85069
-0.493333	9.59148
-0.48	9.33909
-0.466667	9.09334
-0.453333	8.85405
-0.44	8.62107
-0.426667	8.39421
-0.413333	8.17332
-0.4	7.95825
-0.386667	7.74883
-0.373333	7.54493
-0.36	7.34639
-0.346667	7.15307
-0.333333	6.96484
-0.32	6.78157
-0.306667	6.60312
-0.293333	6.42936
-0.28	6.26018
-0.266667	6.09545
-0.253333	5.93505
-0.24	5.77887
-0.226667	5.62681
-0.213333	5.47874
-0.2	5.33457
-0.186667	5.1942
-0.173333	5.05752
-0.16	4.92443
-0.146667	4.79485
-0.133333	4.66868
-0.12	4.54582
-0.106667	4.4262
-0.0933333	4.30973
-0.08	4.19632
-0.0666667	4.0859
-0.0533333	3.97838
-0.04	3.87369
-0.0266667	3.77176
-0.0133333	3.67251
0	3.57587
0.0133333	3.48177
0.0266667	3.39015
0.04	3.30094
0.0533333	3.21408
0.0666667	3.12951
0.08	3.04716
0.0933333	2.96697
0.106667	2.8889
0.12	2.81288
0.133333	2.73886
0.146667	2.66679
0.16	2.59661
0.173333	2.52829
0.186667	2.46176
0.2	2.39698
0.213333	2.3339
0.226667	2.27249
0.24	2.21269
0.253333	2.15446
0.266667	2.09777
0.28	2.04257
0.293333	1.98882
0.306667	1.93649
0.32	1.88553
0.333333	1.83591
0.346667	1.7876
0.36	1.74056
0.373333	1.69476
0.386667	1.65017
0.4	1.60674
0.413333	1.56446
0.426667	1.52329
0.44	1.48321
0.453333	1.44418
0.466667	1.40618
0.48	1.36918
0.493333	1.33315
0.506667	1.29807
0.52	1.26391
0.533333	1.23065
0.546667	1.19827
0.56	1.16673
0.573333	1.13603
0.586667	1.10614
0.6	1.07703
0.613333	1.04869
0.626667	1.02109
0.64	0.994225
0.653333	0.968063
0.666667	0.942589
0.68	0.917786
0.693333	0.893635
0.706667	0.87012
0.72	0.847223
0.733333	0.824929
0.746667	0.803222
0.76	0.782085
0.773333	0.761505
0.786667	0.741467
0.8	0.721956
0.813333	0.702958
0.826667	0.68446
0.84	0.666449
0.853333	0.648912
0.866667	0.631836
0.88	0.61521
0.893333	0.599021
0.906667	0.583259
0.92	0.567911
0.933333	0.552966
0.946667	0.538416
0.96	0.524248
0.973333	0.510452
0.986667	0.49702
1	0.483941
1.01333	0.471207
1.02667	0.458807
1.04	0.446734
1.05333	0.434979
1.06667	0.423533
1.08	0.412388
1.09333	0.401536
1.10667	0.39097
1.12	0.380682
1.13333	0.370664
1.14667	0.360911
1.16	0.351414
1.17333	0.342166
1.18667	0.333163
1.2	0.324396
1.21333	0.315859
1.22667	0.307548
1.24	0.299455
1.25333	0.291575
1.26667	0.283902
1.28	0.276432
1.29333	0.269158
1.30667	0.262075
1.32	0.255179
1.33333	0.248464
1.34667	0.241926
1.36	0.23556
1.37333	0.229361
1.38667	0.223326
1.4	0.217449
1.41333	0.211727
1.42667	0.206155
1.44	0.200731
1.45333	0.195449
1.46667	0.190305
1.48	0.185298
1.49333	0.180422
1.50667	0.175674
1.52	0.171051
1.53333	0.16655
1.54667	0.162168
1.56	0.1579
1.57333	0.153745
1.58667	0.1497
1.6	0.14576
1.61333	0.141925
1.62667	0.13819
1.64	0.134554
1.65333	0.131013
1.66667	0.127566
1.68	0.124209
1.69333	0.12094
1.70667	0.117758
1.72	0.114659
1.73333	0.111642
1.74667	0.108704
1.76	0.105844
1.77333	0.103059
1.78667	0.100347
1.8	0.0977061
1.81333	0.095135
1.82667	0.0926316
1.84	0.0901941
1.85333	0.0878207
1.86667	0.0855098
1.88	0.0832596
1.89333	0.0810687
1.90667	0.0789355
1.92	0.0768583
1.93333	0.0748359
1.94667	0.0728666
1.96	0.0709492
1.97333	0.0690822
1.98667	0.0672644
2	0.0654944
2.01333	0.0637709
2.02667	0.0620928
2.04	0.0604589
2.05333	0.058868
2.06667	0.0573189
2.08	0.0558106
2.09333	0.054342
2.10667	0.052912
2.12	0.0515197
2.13333	0.050164
2.14667	0.048844
2.16	0.0475587
2.17333	0.0463072
2.18667	0.0450887
2.2	0.0439022
2.21333	0.0427469
2.22667	0.0416221
2.24	0.0405268
2.25333	0.0394604
2.26667	0.038422
2.28	0.037411
2.29333	0.0364265
2.30667	0.035468
2.32	0.0345347
2.33333	0.0336259
2.34667	0.0327411
2.36	0.0318795
2.37333	0.0310406
2.38667	0.0302238
2.4	0.0294285
2.41333	0.0286541
2.42667	0.0279001
2.44	0.0271659
2.45333	0.0264511
2.46667	0.025755
2.48	0.0250773
2.49333	0.0244174
2.50667	0.0237749
2.52	0.0231493
2.53333	0.0225401
2.54667	0.021947
2.56	0.0213695
2.57333	0.0208072
2.58667	0.0202596
2.6	0.0197265
2.61333	0.0192074
2.62667	0.018702
2.64	0.0182099
2.65333	0.0177307
2.66667	0.0172641
2.68	0.0168098
2.69333	0.0163675
2.70667	0.0159368
2.72	0.0155174
2.73333	0.0151091
2.74667	0.0147115
2.76	0.0143244
2.77333	0.0139475
2.78667	0.0135804
2.8	0.0132231
2.81333	0.0128751
2.82667	0.0125363
2.84	0.0122064
2.85333	0.0118852
2.86667	0.0115725
2.88	0.011268
2.89333	0.0109715
2.90667	0.0106828
2.92	0.0104016
2.93333	0.0101279
2.94667	0.00986142
2.96	0.00960193
2.97333	0.00934926
2.98667	0.00910324
3	0.0088637
3.01333	0.00863046
3.02667	0.00840335
3.04	0.00818222
3.05333	0.00796691
3.06667	0.00775727
3.08	0.00755314
3.09333	0.00735439
3.10667	0.00716086
3.12	0.00697243
3.13333	0.00678896
3.14667	0.00661031
3.16	0.00643636
3.17333	0.006267
3.18667	0.00610209
3.2	0.00594151
3.21333	0.00578517
3.22667	0.00563293
3.24	0.00548471
3.25333	0.00534038
3.26667	0.00519985
3.28	0.00506302
3.29333	0.00492979
3.30667	0.00480007
3.32	0.00467376
3.33333	0.00455077
3.34667	0.00443102
3.36	0.00431442
3.37333	0.00420089
3.38667	0.00409035
3.4	0.00398272
3.41333	0.00387791
3.42667	0.00377587
3.44	0.00367651
3.45333	0.00357977
3.46667	0.00348557
3.48	0.00339385
3.49333	0.00330454
3.50667	0.00321758
3.52	0.00313292
3.53333	0.00305047
3.54667	0.0029702
3.56	0.00289205
3.57333	0.00281594
3.58667	0.00274184
3.6	0.00266969
3.61333	0.00259944
3.62667	0.00253104
3.64	0.00246444
3.65333	0.00239959
3.66667	0.00233645
3.68	0.00227496
3.69333	0.0022151
3.70667	0.00215681
3.72	0.00210006
3.73333	0.00204479
3.74667	0.00199099
3.76	0.0019386
3.77333	0.00188758
3.78667	0.00183791
3.8	0.00178955
3.81333	0.00174246
3.82667	0.00169661
3.84	0.00165196
3.85333	0.00160849
3.86667	0.00156617
3.88	0.00152495
3.89333	0.00148483
3.90667	0.00144575
3.92	0.00140771
3.93333	0.00137067
3.94667	0.0013346
3.96	0.00129948
3.97333	0.00126528
3.98667	0.00123199
