-4	6.99604e-15
-3.98667	1.1462e-14
-3.97333	1.6002e-14
-3.96	2.04932e-14
-3.94667	3.00131e-14
-3.93333	4.3418e-14
-3.92	5.59362e-14
-3.90667	7.83121e-14
-3.89333	1.01034e-13
-3.88	1.342e-13
-3.86667	1.76262e-13
-3.85333	2.37977e-13
-3.84	2.94013e-13
-3.82667	3.89709e-13
-3.81333	4.8642e-13
-3.8	6.15886e-13
-3.78667	7.53935e-13
-3.77333	9.37972e-13
-3.76	1.12374e-12
-3.74667	1.38729e-12
-3.73333	1.66002e-12
-3.72	1.97169e-12
-3.70667	2.3089e-12
-3.69333	2.67975e-12
-3.68	2.98903e-12
-3.66667	3.32204e-12
-3.65333	3.55509e-12
-3.64	3.72166e-12
-3.62667	3.76442e-12
-3.61333	3.68411e-12
-3.6	3.30534e-12
-3.58667	2.83519e-12
-3.57333	2.14408e-12
-3.56	1.40836e-12
-3.54667	8.21198e-13
-3.53333	7.20815e-13
-3.52	1.69167e-12
-3.50667	4.4873e-12
-3.49333	1.05687e-11
-3.48	2.15138e-11
-3.46667	4.00362e-11
-3.45333	6.90696e-11
-3.44	1.14088e-10
-3.42667	1.79627e-10
-3.41333	2.75095e-10
-3.4	4.09169e-10
-3.38667	5.95451e-10
-3.37333	8.48743e-10
-3.36	1.1919e-09
-3.34667	1.64576e-09
-3.33333	2.24445e-09
-3.32	3.0216e-09
-3.30667	4.0247e-09
-3.29333	5.30404e-09
-3.28	6.92678e-09
-3.26667	8.96411e-09
-3.25333	1.15059e-08
-3.24	1.46536e-08
-3.22667	1.85315e-08
-3.21333	2.32727e-08
-3.2	2.90435e-08
-3.18667	3.60356e-08
-3.17333	4.44591e-08
-3.16	5.45714e-08
-3.14667	6.666e-08
-3.13333	8.10471e-08
-3.12	9.81197e-08
-3.10667	1.18315e-07
-3.09333	1.4213e-07
-3.08	1.70136e-07
-3.06667	2.02994e-07
-3.05333	2.41457e-07
-3.04	2.86385e-07
-3.02667	3.38765e-07
-3.01333	3.9975e-07
-3	4.70597e-07
-2.98667	5.52833e-07
-2.97333	6.48148e-07
-2.96	7.58481e-07
-2.94667	8.86051e-07
-2.93333	1.03339e-06
-2.92	1.20338e-06
-2.90667	1.39929e-06
-2.89333	1.62483e-06
-2.88	1.88422e-06
-2.86667	2.18215e-06
-2.85333	2.52406e-06
-2.84	2.91593e-06
-2.82667	3.36453e-06
-2.81333	3.8773e-06
-2.8	4.46271e-06
-2.78667	5.1299e-06
-2.77333	5.88924e-06
-2.76	6.7518e-06
-2.74667	7.73014e-06
-2.73333	8.83726e-06
-2.72	1.0088e-05
-2.70667	1.14977e-05
-2.69333	1.3083e-05
-2.68	1.48613e-05
-2.66667	1.68514e-05
-2.65333	1.9072e-05
-2.64	2.15432e-05
-2.62667	2.42848e-05
-2.61333	2.73173e-05
-2.6	3.06598e-05
-2.58667	3.43317e-05
-2.57333	3.83502e-05
-2.56	4.27317e-05
-2.54667	4.74886e-05
-2.53333	5.26322e-05
-2.52	5.81679e-05
-2.50667	6.40988e-05
-2.49333	7.04204e-05
-2.48	7.71244e-05
-2.46667	8.41938e-05
-2.45333	9.16059e-05
-2.44	9.93291e-05
-2.42667	0.000107325
-2.41333	0.000115546
-2.4	0.000123937
-2.38667	0.000132434
-2.37333	0.000140969
-2.36	0.000149462
-2.34667	0.000157836
-2.33333	0.000166005
-2.32	0.000173885
-2.30667	0.000181392
-2.29333	0.000188449
-2.28	0.000194984
-2.26667	0.000200939
-2.25333	0.000206268
-2.24	0.000210945
-2.22667	0.000214966
-2.21333	0.000218353
-2.2	0.000221158
-2.18667	0.000223465
-2.17333	0.000225394
-2.16	0.000227105
-2.14667	0.000228798
-2.13333	0.000230713
-2.12	0.000233137
-2.10667	0.000236396
-2.09333	0.000240863
-2.08	0.000246949
-2.06667	0.000255109
-2.05333	0.000265833
-2.04	0.000279651
-2.02667	0.000297121
-2.01333	0.000318835
-2	0.000345409
-1.98667	0.000377484
-1.97333	0.00041572
-1.96	0.000460795
-1.94667	0.0005134
-1.93333	0.00057424
-1.92	0.000644029
-1.90667	0.000723486
-1.89333	0.000813342
-1.88	0.00091433
-1.86667	0.00102719
-1.85333	0.00115266
-1.84	0.00129149
-1.82667	0.00144443
-1.81333	0.00161222
-1.8	0.00179563
-1.78667	0.00199541
-1.77333	0.0022123
-1.76	0.00244703
-1.74667	0.00270036
-1.73333	0.00297297
-1.72	0.00326557
-1.70667	0.0035788
-1.69333	0.00391327
-1.68	0.00426954
-1.66667	0.00464808
-1.65333	0.00504931
-1.64	0.0054735
-1.62667	0.00592086
-1.61333	0.00639141
-1.6	0.00688505
-1.58667	0.00740149
-1.57333	0.00794026
-1.56	0.00850067
-1.54667	0.00908181
-1.53333	0.00968252
-1.52	0.0103014
-1.50667	0.0109368
-1.49333	0.0115867
-1.48	0.012249
-1.46667	0.0129211
-1.45333	0.0136004
-1.44	0.0142838
-1.42667	0.0149681
-1.41333	0.0156499
-1.4	0.0163254
-1.38667	0.016991
-1.37333	0.0176428
-1.36	0.0182767
-1.34667	0.0188888
-1.33333	0.019475
-1.32	0.0200314
-1.30667	0.0205543
-1.29333	0.02104
-1.28	0.021485
-1.26667	0.0218862
-1.25333	0.022241
-1.24	0.0225467
-1.22667	0.0228014
-1.21333	0.0230036
-1.2	0.0231521
-1.18667	0.0232465
-1.17333	0.0232867
-1.16	0.0232733
-1.14667	0.0232073
-1.13333	0.0230904
-1.12	0.0229248
-1.10667	0.0227133
-1.09333	0.0224589
-1.08	0.0221656
-1.06667	0.0218372
-1.05333	0.0214785
-1.04	0.0210943
-1.02667	0.0206898
-1.01333	0.0202704
-1	0.0198418
-0.986667	0.0194096
-0.973333	0.0189799
-0.96	0.0185584
-0.946667	0.018151
-0.933333	0.0177635
-0.92	0.0174016
-0.906667	0.0170706
-0.893333	0.0167759
-0.88	0.0165226
-0.866667	0.0163152
-0.853333	0.0161583
-0.84	0.0160559
-0.826667	0.0160119
-0.813333	0.0160295
-0.8	0.0161119
-0.786667	0.0162618
-0.773333	0.0164814
-0.76	0.0167729
-0.746667	0.0171378
-0.733333	0.0175776
-0.72	0.0180935
-0.706667	0.0186862
-0.693333	0.0193565
-0.68	0.0201047
-0.666667	0.0209313
-0.653333	0.0218363
-0.64	0.0228199
-0.626667	0.023882
-0.613333	0.0250227
-0.6	0.0262419
-0.586667	0.0275396
-0.573333	0.0289158
-0.56	0.0303707
-0.546667	0.0319043
-0.533333	0.033517
-0.52	0.0352091
-0.506667	0.0369812
-0.493333	0.0388337
-0.48	0.0407674
-0.466667	0.0427832
-0.453333	0.0448821
-0.44	0.0470651
-0.426667	0.0493334
-0.413333	0.0516884
-0.4	0.0541316
-0.386667	0.0566645
-0.373333	0.0592889
-0.36	0.0620065
-0.346667	0.0648193
-0.333333	0.0677293
-0.32	0.0707387
-0.306667	0.0738498
-0.293333	0.0770651
-0.28	0.0803871
-0.266667	0.0838186
-0.253333	0.0873625
-0.24	0.091022
-0.226667	0.0948001
-0.213333	0.0987005
-0.2	0.102727
-0.186667	0.106883
-0.173333	0.111172
-0.16	0.1156
-0.146667	0.12017
-0.133333	0.124887
-0.12	0.129756
-0.106667	0.134781
-0.0933333	0.139969
-0.08	0.145324
-0.0666667	0.150851
-0.0533333	0.156557
-0.04	0.162446
-0.0266667	0.168523
-0.0133333	0.174795
0	0.181267
0.0133333	0.187944
0.0266667	0.19483
0.04	0.201931
0.0533333	0.209251
0.0666667	0.216794
0.08	0.224564
0.0933333	0.232563
0.106667	0.240795
0.12	0.249262
0.133333	0.257965
0.146667	0.266904
0.16	0.276081
0.173333	0.285494
0.186667	0.295141
0.2	0.30502
0.213333	0.315128
0.226667	0.325461
0.24	0.336014
0.253333	0.34678
0.266667	0.357753
0.28	0.368924
0.293333	0.380286
0.306667	0.391827
0.32	0.403539
0.333333	0.415408
0.346667	0.427423
0.36	0.439571
0.373333	0.451837
0.386667	0.464207
0.4	0.476665
0.413333	0.489195
0.426667	0.50178
0.44	0.514403
0.453333	0.527044
0.466667	0.539686
0.48	0.55231
0.493333	0.564895
0.506667	0.577422
0.52	0.58987
0.533333	0.602218
0.546667	0.614445
0.56	0.626529
0.573333	0.63845
0.586667	0.650184
0.6	0.661711
0.613333	0.673008
0.626667	0.684053
0.64	0.694825
0.653333	0.705301
0.666667	0.715461
0.68	0.725283
0.693333	0.734746
0.706667	0.743829
0.72	0.752513
0.733333	0.760778
0.746667	0.768606
0.76	0.775977
0.773333	0.782875
0.786667	0.789283
0.8	0.795185
0.813333	0.800566
0.826667	0.805413
0.84	0.809712
0.853333	0.81345
0.866667	0.816618
0.88	0.819205
0.893333	0.821202
0.906667	0.822601
0.92	0.823396
0.933333	0.823579
0.946667	0.823148
0.96	0.822097
0.973333	0.820424
0.986667	0.818126
1	0.815204
1.01333	0.811656
1.02667	0.807484
1.04	0.80269
1.05333	0.797276
1.06667	0.791246
1.08	0.784604
1.09333	0.777356
1.10667	0.769509
1.12	0.76107
1.13333	0.752049
1.14667	0.742454
1.16	0.732297
1.17333	0.72159
1.18667	0.710346
1.2	0.698581
1.21333	0.68631
1.22667	0.673552
1.24	0.660325
1.25333	0.646651
1.26667	0.632551
1.28	0.618049
1.29333	0.603172
1.30667	0.587945
1.32	0.572398
1.33333	0.556561
1.34667	0.540464
1.36	0.524141
1.37333	0.507625
1.38667	0.490953
1.4	0.474159
1.41333	0.45728
1.42667	0.440354
1.44	0.423419
1.45333	0.406511
1.46667	0.38967
1.48	0.372933
1.49333	0.356335
1.50667	0.339915
1.52	0.323707
1.53333	0.307745
1.54667	0.292062
1.56	0.276689
1.57333	0.261655
1.58667	0.246988
1.6	0.232712
1.61333	0.21885
1.62667	0.205423
1.64	0.192448
1.65333	0.179942
1.66667	0.167915
1.68	0.15638
1.69333	0.145342
1.70667	0.134807
1.72	0.124777
1.73333	0.115252
1.74667	0.106229
1.76	0.0977041
1.77333	0.0896701
1.78667	0.0821181
1.8	0.0750375
1.81333	0.0684162
1.82667	0.0622403
1.84	0.0564951
1.85333	0.0511644
1.86667	0.0462314
1.88	0.0416784
1.89333	0.0374872
1.90667	0.0336392
1.92	0.0301158
1.93333	0.0268981
1.94667	0.0239674
1.96	0.0213052
1.97333	0.0188934
1.98667	0.0167142
2	0.0147505
2.01333	0.0129856
2.02667	0.0114038
2.04	0.0099897
2.05333	0.00872903
2.06667	0.00760814
2.08	0.00661421
2.09333	0.00573524
2.10667	0.00496006
2.12	0.00427826
2.13333	0.00368025
2.14667	0.00315718
2.16	0.00270094
2.17333	0.00230411
2.18667	0.00195994
2.2	0.00166231
2.21333	0.00140569
2.22667	0.00118509
2.24	0.000996033
2.25333	0.000834525
2.26667	0.000696997
2.28	0.000580274
2.29333	0.000481548
2.30667	0.000398337
2.32	0.000328461
2.33333	0.000270002
2.34667	0.000221287
2.36	0.000180854
2.37333	0.000147437
2.38667	0.000119936
2.4	9.74051e-05
2.41333	7.90304e-05
2.42667	6.41149e-05
2.44	5.20638e-05
2.45333	4.23732e-05
2.46667	3.46155e-05
2.48	2.84326e-05
2.49333	2.3523e-05
2.50667	1.96374e-05
2.52	1.65681e-05
2.53333	1.41453e-05
2.54667	1.22297e-05
2.56	1.07091e-05
2.57333	9.49261e-06
2.58667	8.50854e-06
2.6	7.70012e-06
2.61333	7.02348e-06
2.62667	6.4446e-06
2.64	5.93815e-06
2.65333	5.48502e-06
2.66667	5.07172e-06
2.68	4.68836e-06
2.69333	4.32866e-06
2.70667	3.98817e-06
2.72	3.66453e-06
2.73333	3.3562e-06
2.74667	3.06279e-06
2.76	2.78414e-06
2.77333	2.5205e-06
2.78667	2.27214e-06
2.8	2.03939e-06
2.81333	1.82243e-06
2.82667	1.62136e-06
2.84	1.43611e-06
2.85333	1.26644e-06
2.86667	1.1119e-06
2.88	9.72001e-07
2.89333	8.46036e-07
2.90667	7.3328e-07
2.92	6.32888e-07
2.93333	5.44004e-07
2.94667	4.65737e-07
2.96	3.97164e-07
2.97333	3.37423e-07
2.98667	2.85619e-07
3	2.4092e-07
3.01333	2.02535e-07
3.02667	1.69734e-07
3.04	1.41822e-07
3.05333	1.18181e-07
3.06667	9.82322e-08
3.08	8.1476e-08
3.09333	6.74456e-08
3.10667	5.57496e-08
3.12	4.60259e-08
3.13333	3.79593e-08
3.14667	3.12885e-08
3.16	2.57808e-08
3.17333	2.12408e-08
3.18667	1.75039e-08
3.2	1.44322e-08
3.21333	1.19048e-08
3.22667	9.83041e-09
3.24	8.12108e-09
3.25333	6.71655e-09
3.26667	5.55486e-09
3.28	4.60047e-09
3.29333	3.80936e-09
3.30667	3.15779e-09
3.32	2.61468e-09
3.33333	2.16726e-09
3.34667	1.79204e-09
3.36	1.48334e-09
3.37333	1.22414e-09
3.38667	1.0097e-09
3.4	8.29874e-10
3.41333	6.81741e-10
3.42667	5.57245e-10
3.44	4.55048e-10
3.45333	3.69734e-10
3.46667	2.99613e-10
3.48	2.4171e-10
3.49333	1.94365e-10
3.50667	1.55207e-10
3.52	1.23599e-10
3.53333	9.78264e-11
3.54667	7.71436e-11
3.56	6.039e-11
3.57333	4.71188e-11
3.58667	3.64727e-11
3.6	2.83124e-11
3.61333	2.18659e-11
3.62667	1.69177e-11
3.64	1.29951e-11
3.65333	9.99545e-12
3.66667	7.60942e-12
3.68	5.787e-12
3.69333	4.35906e-12
3.70667	3.27879e-12
3.72	2.47102e-12
3.73333	1.86325e-12
3.74667	1.39486e-12
3.76	1.04263e-12
3.77333	7.79174e-13
3.78667	5.83151e-13
3.8	4.40976e-13
3.81333	3.29562e-13
3.82667	2.40938e-13
3.84	1.83965e-13
3.85333	1.39272e-13
3.86667	1.05896e-13
3.88	8.30135e-14
3.89333	6.29777e-14
3.90667	4.66892e-14
3.92	3.75979e-14
3.93333	2.93188e-14
3.94667	2.05152e-14
3.96	1.96038e-14
3.97333	1.60623e-14
3.98667	1.26141e-14
