-4	9.61178e-15
-3.98667	1.33272e-14
-3.97333	1.89506e-14
-3.96	2.31567e-14
-3.94667	3.43426e-14
-3.93333	4.48616e-14
-3.92	6.43861e-14
-3.90667	8.44561e-14
-3.89333	1.18511e-13
-3.88	1.55985e-13
-3.86667	2.25784e-13
-3.85333	3.09052e-13
-3.84	4.18868e-13
-3.82667	5.57915e-13
-3.81333	7.57871e-13
-3.8	1.00337e-12
-3.78667	1.32625e-12
-3.77333	1.71527e-12
-3.76	2.2502e-12
-3.74667	2.91469e-12
-3.73333	3.85095e-12
-3.72	4.89731e-12
-3.70667	6.32448e-12
-3.69333	7.92369e-12
-3.68	1.00047e-11
-3.66667	1.22777e-11
-3.65333	1.52192e-11
-3.64	1.84193e-11
-3.62667	2.24752e-11
-3.61333	2.68711e-11
-3.6	3.18607e-11
-3.58667	3.72817e-11
-3.57333	4.34246e-11
-3.56	4.97306e-11
-3.54667	5.65962e-11
-3.53333	6.33788e-11
-3.52	7.00719e-11
-3.50667	7.66621e-11
-3.49333	8.30088e-11
-3.48	8.82622e-11
-3.46667	9.37151e-11
-3.45333	9.859e-11
-3.44	1.04102e-10
-3.42667	1.11218e-10
-3.41333	1.22136e-10
-3.4	1.39224e-10
-3.38667	1.68216e-10
-3.37333	2.14203e-10
-3.36	2.86237e-10
-3.34667	3.97504e-10
-3.33333	5.62641e-10
-3.32	8.0251e-10
-3.30667	1.14377e-09
-3.29333	1.6188e-09
-3.28	2.26859e-09
-3.26667	3.14803e-09
-3.25333	4.31135e-09
-3.24	5.83625e-09
-3.22667	7.80908e-09
-3.21333	1.033e-08
-3.2	1.35153e-08
-3.18667	1.75107e-08
-3.17333	2.24566e-08
-3.16	2.85491e-08
-3.14667	3.59672e-08
-3.13333	4.49457e-08
-3.12	5.56982e-08
-3.10667	6.8509e-08
-3.09333	8.36397e-08
-3.08	1.01404e-07
-3.06667	1.22078e-07
-3.05333	1.46038e-07
-3.04	1.73541e-07
-3.02667	2.04992e-07
-3.01333	2.40672e-07
-3	2.80926e-07
-2.98667	3.26011e-07
-2.97333	3.76257e-07
-2.96	4.3185e-07
-2.94667	4.9304e-07
-2.93333	5.59884e-07
-2.92	6.32575e-07
-2.90667	7.10962e-07
-2.89333	7.95096e-07
-2.88	8.84685e-07
-2.86667	9.7949e-07
-2.85333	1.07901e-06
-2.84	1.1828e-06
-2.82667	1.29006e-06
-2.81333	1.40003e-06
-2.8	1.51151e-06
-2.78667	1.62349e-06
-2.77333	1.7343e-06
-2.76	1.84258e-06
-2.74667	1.94633e-06
-2.73333	2.04364e-06
-2.72	2.13205e-06
-2.70667	2.20926e-06
-2.69333	2.27242e-06
-2.68	2.31878e-06
-2.66667	2.3452e-06
-2.65333	2.34894e-06
-2.64	2.32682e-06
-2.62667	2.27659e-06
-2.61333	2.19592e-06
-2.6	2.08397e-06
-2.58667	1.94065e-06
-2.57333	1.76843e-06
-2.56	1.57207e-06
-2.54667	1.36033e-06
-2.53333	1.14674e-06
-2.52	9.51429e-07
-2.50667	8.02801e-07
-2.49333	7.39806e-07
-2.48	8.14701e-07
-2.46667	1.09619e-06
-2.45333	1.6733e-06
-2.44	2.65961e-06
-2.42667	4.19868e-06
-2.41333	6.46951e-06
-2.4	9.69387e-06
-2.38667	1.4143e-05
-2.37333	2.01474e-05
-2.36	2.8105e-05
-2.34667	3.84927e-05
-2.33333	5.18777e-05
-2.32	6.89292e-05
-2.30667	9.04335e-05
-2.29333	0.000117305
-2.28	0.000150607
-2.26667	0.00019156
-2.25333	0.000241565
-2.24	0.000302213
-2.22667	0.000375309
-2.21333	0.000462878
-2.2	0.00056719
-2.18667	0.000690766
-2.17333	0.000836394
-2.16	0.00100714
-2.14667	0.00120635
-2.13333	0.00143766
-2.12	0.00170498
-2.10667	0.00201253
-2.09333	0.00236478
-2.08	0.00276647
-2.06667	0.00322258
-2.05333	0.00373829
-2.04	0.00431897
-2.02667	0.00497014
-2.01333	0.00569741
-2	0.00650642
-1.98667	0.0074028
-1.97333	0.00839213
-1.96	0.00947979
-1.94667	0.010671
-1.93333	0.0119706
-1.92	0.0133832
-1.90667	0.0149128
-1.89333	0.0165628
-1.88	0.0183363
-1.86667	0.0202354
-1.85333	0.0222615
-1.84	0.0244153
-1.82667	0.0266965
-1.81333	0.0291038
-1.8	0.031635
-1.78667	0.0342869
-1.77333	0.0370551
-1.76	0.0399345
-1.74667	0.0429185
-1.73333	0.0459998
-1.72	0.0491701
-1.70667	0.0524201
-1.69333	0.0557395
-1.68	0.0591173
-1.66667	0.0625417
-1.65333	0.0660005
-1.64	0.0694807
-1.62667	0.0729689
-1.61333	0.0764515
-1.6	0.0799146
-1.58667	0.0833444
-1.57333	0.086727
-1.56	0.0900486
-1.54667	0.0932961
-1.53333	0.0964563
-1.52	0.0995169
-1.50667	0.102466
-1.49333	0.105293
-1.48	0.107987
-1.46667	0.110539
-1.45333	0.112941
-1.44	0.115185
-1.42667	0.117264
-1.41333	0.119175
-1.4	0.120911
-1.38667	0.122472
-1.37333	0.123853
-1.36	0.125054
-1.34667	0.126076
-1.33333	0.12692
-1.32	0.127587
-1.30667	0.12808
-1.29333	0.128403
-1.28	0.12856
-1.26667	0.128558
-1.25333	0.1284
-1.24	0.128095
-1.22667	0.127648
-1.21333	0.127068
-1.2	0.126361
-1.18667	0.125535
-1.17333	0.124599
-1.16	0.123561
-1.14667	0.12243
-1.13333	0.121213
-1.12	0.119919
-1.10667	0.118556
-1.09333	0.117133
-1.08	0.115658
-1.06667	0.114138
-1.05333	0.112581
-1.04	0.110995
-1.02667	0.109386
-1.01333	0.10776
-1	0.106125
-0.986667	0.104487
-0.973333	0.102849
-0.96	0.101219
-0.946667	0.0995998
-0.933333	0.0979962
-0.92	0.0964118
-0.906667	0.0948499
-0.893333	0.0933132
-0.88	0.0918042
-0.866667	0.0903246
-0.853333	0.0888759
-0.84	0.0874592
-0.826667	0.086075
-0.813333	0.0847236
-0.8	0.0834049
-0.786667	0.0821185
-0.773333	0.0808636
-0.76	0.0796393
-0.746667	0.0784443
-0.733333	0.0772775
-0.72	0.0761373
-0.706667	0.0750222
-0.693333	0.0739308
-0.68	0.0728614
-0.666667	0.0718126
-0.653333	0.0707831
-0.64	0.0697717
-0.626667	0.0687774
-0.613333	0.0677995
-0.6	0.0668374
-0.586667	0.065891
-0.573333	0.0649605
-0.56	0.0640464
-0.546667	0.0631494
-0.533333	0.0622709
-0.52	0.0614126
-0.506667	0.0605764
-0.493333	0.0597647
-0.48	0.0589805
-0.466667	0.0582269
-0.453333	0.0575074
-0.44	0.0568261
-0.426667	0.056187
-0.413333	0.0555948
-0.4	0.0550542
-0.386667	0.0545704
-0.373333	0.0541487
-0.36	0.0537944
-0.346667	0.0535133
-0.333333	0.0533111
-0.32	0.0531938
-0.306667	0.0531673
-0.293333	0.0532377
-0.28	0.053411
-0.266667	0.0536933
-0.253333	0.0540909
-0.24	0.0546097
-0.226667	0.055256
-0.213333	0.0560359
-0.2	0.0569553
-0.186667	0.0580204
-0.173333	0.0592373
-0.16	0.060612
-0.146667	0.0621506
-0.133333	0.063859
-0.12	0.0657434
-0.106667	0.0678098
-0.0933333	0.0700642
-0.08	0.0725126
-0.0666667	0.0751613
-0.0533333	0.0780163
-0.04	0.0810835
-0.0266667	0.0843692
-0.0133333	0.0878793
0	0.0916197
0.0133333	0.0955965
0.0266667	0.0998153
0.04	0.104282
0.0533333	0.109001
0.0666667	0.11398
0.08	0.119221
0.0933333	0.124731
0.106667	0.130514
0.12	0.136574
0.133333	0.142913
0.146667	0.149536
0.16	0.156446
0.173333	0.163643
0.186667	0.17113
0.2	0.178907
0.213333	0.186975
0.226667	0.195333
0.24	0.203979
0.253333	0.212912
0.266667	0.222128
0.28	0.231624
0.293333	0.241394
0.306667	0.251434
0.32	0.261737
0.333333	0.272295
0.346667	0.2831
0.36	0.294143
0.373333	0.305413
0.386667	0.3169
0.4	0.328591
0.413333	0.340472
0.426667	0.352531
0.44	0.364751
0.453333	0.377118
0.466667	0.389613
0.48	0.40222
0.493333	0.41492
0.506667	0.427694
0.52	0.440521
0.533333	0.45338
0.546667	0.466251
0.56	0.479111
0.573333	0.491937
0.586667	0.504706
0.6	0.517395
0.613333	0.52998
0.626667	0.542436
0.64	0.55474
0.653333	0.566866
0.666667	0.578792
0.68	0.590492
0.693333	0.601943
0.706667	0.613121
0.72	0.624003
0.733333	0.634566
0.746667	0.644789
0.76	0.654649
0.773333	0.664127
0.786667	0.673202
0.8	0.681857
0.813333	0.690072
0.826667	0.697832
0.84	0.705122
0.853333	0.711925
0.866667	0.71823
0.88	0.724023
0.893333	0.729295
0.906667	0.734034
0.92	0.738233
0.933333	0.741883
0.946667	0.744979
0.96	0.747514
0.973333	0.749485
0.986667	0.750887
1	0.751719
1.01333	0.751978
1.02667	0.751664
1.04	0.750776
1.05333	0.749316
1.06667	0.747284
1.08	0.744683
1.09333	0.741516
1.10667	0.737786
1.12	0.733496
1.13333	0.728652
1.14667	0.723259
1.16	0.717323
1.17333	0.710851
1.18667	0.70385
1.2	0.696328
1.21333	0.688295
1.22667	0.67976
1.24	0.670734
1.25333	0.661229
1.26667	0.651257
1.28	0.640832
1.29333	0.62997
1.30667	0.618686
1.32	0.606998
1.33333	0.594924
1.34667	0.582483
1.36	0.569697
1.37333	0.556587
1.38667	0.543178
1.4	0.529492
1.41333	0.515557
1.42667	0.501398
1.44	0.487044
1.45333	0.472523
1.46667	0.457864
1.48	0.443097
1.49333	0.428253
1.50667	0.413363
1.52	0.398458
1.53333	0.383569
1.54667	0.368728
1.56	0.353966
1.57333	0.339313
1.58667	0.3248
1.6	0.310455
1.61333	0.296306
1.62667	0.282382
1.64	0.268707
1.65333	0.255305
1.66667	0.242201
1.68	0.229413
1.69333	0.216963
1.70667	0.204867
1.72	0.19314
1.73333	0.181796
1.74667	0.170845
1.76	0.160298
1.77333	0.150161
1.78667	0.140438
1.8	0.131134
1.81333	0.122249
1.82667	0.113782
1.84	0.105731
1.85333	0.0980918
1.86667	0.090858
1.88	0.0840226
1.89333	0.077577
1.90667	0.0715116
1.92	0.0658157
1.93333	0.0604775
1.94667	0.0554847
1.96	0.0508243
1.97333	0.0464828
1.98667	0.0424462
2	0.0387005
2.01333	0.0352313
2.02667	0.0320244
2.04	0.0290656
2.05333	0.0263406
2.06667	0.0238357
2.08	0.0215373
2.09333	0.0194321
2.10667	0.0175074
2.12	0.0157507
2.13333	0.0141502
2.14667	0.0126944
2.16	0.0113726
2.17333	0.0101743
2.18667	0.00908984
2.2	0.00810998
2.21333	0.00722604
2.22667	0.00642988
2.24	0.00571388
2.25333	0.00507097
2.26667	0.00449455
2.28	0.00397851
2.29333	0.00351718
2.30667	0.00310538
2.32	0.00273829
2.33333	0.00241152
2.34667	0.00212104
2.36	0.00186317
2.37333	0.00163456
2.38667	0.00143215
2.4	0.00125318
2.41333	0.00109514
2.42667	0.000955763
2.44	0.000833001
2.45333	0.000725015
2.46667	0.000630146
2.48	0.00054691
2.49333	0.000473974
2.50667	0.000410148
2.52	0.000354366
2.53333	0.000305681
2.54667	0.000263249
2.56	0.000226318
2.57333	0.00019422
2.58667	0.000166364
2.6	0.000142227
2.61333	0.000121344
2.62667	0.000103308
2.64	8.77574e-05
2.65333	7.43738e-05
2.66667	6.28765e-05
2.68	5.302e-05
2.69333	4.45874e-05
2.70667	3.73892e-05
2.72	3.12587e-05
2.73333	2.60509e-05
2.74667	2.16383e-05
2.76	1.79102e-05
2.77333	1.47693e-05
2.78667	1.21317e-05
2.8	9.92388e-06
2.81333	8.08255e-06
2.82667	6.55255e-06
2.84	5.2864e-06
2.85333	4.2429e-06
2.86667	3.38698e-06
2.88	2.68811e-06
2.89333	2.12056e-06
2.90667	1.662e-06
2.92	1.29379e-06
2.93333	9.99824e-07
2.94667	7.6677e-07
2.96	5.83258e-07
2.97333	4.39868e-07
2.98667	3.28707e-07
3	2.43318e-07
3.01333	1.78318e-07
3.02667	1.2936e-07
3.04	9.28771e-08
3.05333	6.60301e-08
3.06667	4.65251e-08
3.08	3.25627e-08
3.09333	2.27262e-08
3.10667	1.59098e-08
3.12	1.12743e-08
3.13333	8.18423e-09
3.14667	6.1647e-09
3.16	4.86542e-09
3.17333	4.04339e-09
3.18667	3.51311e-09
3.2	3.16392e-09
3.21333	2.90921e-09
3.22667	2.70439e-09
3.24	2.51661e-09
3.25333	2.33646e-09
3.26667	2.1514e-09
3.28	1.96509e-09
3.29333	1.77636e-09
3.30667	1.58992e-09
3.32	1.40938e-09
3.33333	1.23765e-09
3.34667	1.07727e-09
3.36	9.29324e-10
3.37333	7.95951e-10
3.38667	6.76696e-10
3.4	5.71658e-10
3.41333	4.79692e-10
3.42667	4.00878e-10
3.44	3.32822e-10
3.45333	2.75388e-10
3.46667	2.27017e-10
3.48	1.8627e-10
3.49333	1.52524e-10
3.50667	1.24945e-10
3.52	1.01885e-10
3.53333	8.31193e-11
3.54667	6.79263e-11
3.56	5.54272e-11
3.57333	4.54172e-11
3.58667	3.73624e-11
3.6	3.05725e-11
3.61333	2.50242e-11
3.62667	2.0559e-11
3.64	1.67184e-11
3.65333	1.36689e-11
3.66667	1.11546e-11
3.68	9.11413e-12
3.69333	7.39195e-12
3.70667	6.09281e-12
3.72	4.87114e-12
3.73333	3.97016e-12
3.74667	3.19097e-12
3.76	2.60033e-12
3.77333	2.04974e-12
3.78667	1.68148e-12
3.8	1.31123e-12
3.81333	1.06962e-12
3.82667	8.49052e-13
3.84	6.91795e-13
3.85333	5.24265e-13
3.86667	4.40029e-13
3.88	3.32986e-13
3.89333	2.75685e-13
3.90667	2.12548e-13
3.92	1.84298e-13
3.93333	1.32134e-13
3.94667	1.20408e-13
3.96	8.39205e-14
3.97333	7.02801e-14
3.98667	5.2349e-14
