-4	4.89467e-15
-3.98667	3.20806e-15
-3.97333	3.23472e-15
-3.96	7.55582e-15
-3.94667	1.00377e-14
-3.93333	1.66052e-14
-3.92	2.58735e-14
-3.90667	4.08148e-14
-3.89333	5.7781e-14
-3.88	7.74701e-14
-3.86667	1.20751e-13
-3.85333	1.73485e-13
-3.84	2.51431e-13
-3.82667	3.42341e-13
-3.81333	4.75786e-13
-3.8	6.36405e-13
-3.78667	9.11556e-13
-3.77333	1.23467e-12
-3.76	1.6664e-12
-3.74667	2.29948e-12
-3.73333	3.24889e-12
-3.72	4.43999e-12
-3.70667	6.19272e-12
-3.69333	8.27808e-12
-3.68	1.10788e-11
-3.66667	1.45104e-11
-3.65333	1.91284e-11
-3.64	2.45163e-11
-3.62667	3.2123e-11
-3.61333	4.11836e-11
-3.6	5.28449e-11
-3.58667	6.67172e-11
-3.57333	8.39814e-11
-3.56	1.04459e-10
-3.54667	1.29745e-10
-3.53333	1.59075e-10
-3.52	1.93174e-10
-3.50667	2.32684e-10
-3.49333	2.77398e-10
-3.48	3.28152e-10
-3.46667	3.83658e-10
-3.45333	4.43846e-10
-3.44	5.07641e-10
-3.42667	5.73293e-10
-3.41333	6.38093e-10
-3.4	6.99786e-10
-3.38667	7.53508e-10
-3.37333	7.96183e-10
-3.36	8.23509e-10
-3.34667	8.26927e-10
-3.33333	8.05293e-10
-3.32	7.53372e-10
-3.30667	6.69156e-10
-3.29333	5.54609e-10
-3.28	4.15124e-10
-3.26667	2.6332e-10
-3.25333	1.26414e-10
-3.24	4.18701e-11
-3.22667	6.67954e-11
-3.21333	2.83751e-10
-3.2	8.04744e-10
-3.18667	1.78339e-09
-3.17333	3.42089e-09
-3.16	5.98339e-09
-3.14667	9.79957e-09
-3.13333	1.53083e-08
-3.12	2.30126e-08
-3.10667	3.35817e-08
-3.09333	4.78023e-08
-3.08	6.66492e-08
-3.06667	9.1256e-08
-3.05333	1.23036e-07
-3.04	1.63556e-07
-3.02667	2.14809e-07
-3.01333	2.78965e-07
-3	3.58724e-07
-2.98667	4.57e-07
-2.97333	5.77349e-07
-2.96	7.23762e-07
-2.94667	9.00834e-07
-2.93333	1.11378e-06
-2.92	1.36862e-06
-2.90667	1.672e-06
-2.89333	2.03168e-06
-2.88	2.45617e-06
-2.86667	2.95526e-06
-2.85333	3.53975e-06
-2.84	4.22192e-06
-2.82667	5.01567e-06
-2.81333	5.93615e-06
-2.8	7.00065e-06
-2.78667	8.22814e-06
-2.77333	9.63985e-06
-2.76	1.12594e-05
-2.74667	1.31131e-05
-2.73333	1.52302e-05
-2.72	1.76423e-05
-2.70667	2.03849e-05
-2.69333	2.34974e-05
-2.68	2.70223e-05
-2.66667	3.10071e-05
-2.65333	3.55034e-05
-2.64	4.05685e-05
-2.62667	4.62644e-05
-2.61333	5.26595e-05
-2.6	5.98292e-05
-2.58667	6.78539e-05
-2.57333	7.68238e-05
-2.56	8.6836e-05
-2.54667	9.79984e-05
-2.53333	0.000110427
-2.52	0.000124252
-2.50667	0.000139612
-2.49333	0.000156664
-2.48	0.000175579
-2.46667	0.000196544
-2.45333	0.000219769
-2.44	0.000245483
-2.42667	0.000273941
-2.41333	0.000305427
-2.4	0.000340255
-2.38667	0.000378777
-2.37333	0.000421382
-2.36	0.000468506
-2.34667	0.000520631
-2.33333	0.000578299
-2.32	0.000642111
-2.30667	0.000712735
-2.29333	0.000790913
-2.28	0.000877472
-2.26667	0.000973328
-2.25333	0.00107949
-2.24	0.00119708
-2.22667	0.00132732
-2.21333	0.00147157
-2.2	0.00163129
-2.18667	0.00180811
-2.17333	0.00200377
-2.16	0.00222017
-2.14667	0.00245936
-2.13333	0.00272354
-2.12	0.00301506
-2.10667	0.00333643
-2.09333	0.0036903
-2.08	0.00407946
-2.06667	0.00450686
-2.05333	0.00497554
-2.04	0.00548867
-2.02667	0.0060495
-2.01333	0.00666137
-2	0.00732765
-1.98667	0.00805174
-1.97333	0.00883704
-1.96	0.00968691
-1.94667	0.0106046
-1.93333	0.0115934
-1.92	0.0126563
-1.90667	0.0137961
-1.89333	0.0150157
-1.88	0.0163173
-1.86667	0.0177032
-1.85333	0.0191752
-1.84	0.020735
-1.82667	0.0223836
-1.81333	0.0241219
-1.8	0.0259503
-1.78667	0.0278689
-1.77333	0.0298774
-1.76	0.0319749
-1.74667	0.0341605
-1.73333	0.0364324
-1.72	0.038789
-1.70667	0.0412279
-1.69333	0.0437467
-1.68	0.0463425
-1.66667	0.0490124
-1.65333	0.051753
-1.64	0.054561
-1.62667	0.0574328
-1.61333	0.0603648
-1.6	0.0633533
-1.58667	0.0663947
-1.57333	0.0694853
-1.56	0.0726215
-1.54667	0.0758
-1.53333	0.0790175
-1.52	0.0822707
-1.50667	0.0855567
-1.49333	0.0888727
-1.48	0.0922163
-1.46667	0.0955849
-1.45333	0.0989766
-1.44	0.102389
-1.42667	0.105821
-1.41333	0.109271
-1.4	0.112737
-1.38667	0.116218
-1.37333	0.119713
-1.36	0.12322
-1.34667	0.126739
-1.33333	0.130268
-1.32	0.133806
-1.30667	0.137351
-1.29333	0.140903
-1.28	0.144459
-1.26667	0.148017
-1.25333	0.151575
-1.24	0.155131
-1.22667	0.158681
-1.21333	0.162224
-1.2	0.165754
-1.18667	0.169269
-1.17333	0.172763
-1.16	0.176232
-1.14667	0.179671
-1.13333	0.183074
-1.12	0.186435
-1.10667	0.189747
-1.09333	0.193004
-1.08	0.196198
-1.06667	0.199323
-1.05333	0.202369
-1.04	0.205329
-1.02667	0.208194
-1.01333	0.210956
-1	0.213606
-0.986667	0.216135
-0.973333	0.218535
-0.96	0.220797
-0.946667	0.222912
-0.933333	0.224872
-0.92	0.226669
-0.906667	0.228295
-0.893333	0.229742
-0.88	0.231004
-0.866667	0.232074
-0.853333	0.232946
-0.84	0.233616
-0.826667	0.234079
-0.813333	0.234332
-0.8	0.234371
-0.786667	0.234195
-0.773333	0.233802
-0.76	0.233194
-0.746667	0.23237
-0.733333	0.231333
-0.72	0.230084
-0.706667	0.228629
-0.693333	0.22697
-0.68	0.225115
-0.666667	0.223068
-0.653333	0.220838
-0.64	0.218432
-0.626667	0.215858
-0.613333	0.213126
-0.6	0.210246
-0.586667	0.207227
-0.573333	0.204081
-0.56	0.200819
-0.546667	0.197453
-0.533333	0.193993
-0.52	0.190453
-0.506667	0.186845
-0.493333	0.183179
-0.48	0.17947
-0.466667	0.175728
-0.453333	0.171967
-0.44	0.168197
-0.426667	0.164431
-0.413333	0.16068
-0.4	0.156956
-0.386667	0.153269
-0.373333	0.14963
-0.36	0.146049
-0.346667	0.142537
-0.333333	0.139101
-0.32	0.135752
-0.306667	0.132498
-0.293333	0.129347
-0.28	0.126306
-0.266667	0.123383
-0.253333	0.120585
-0.24	0.117917
-0.226667	0.115385
-0.213333	0.112994
-0.2	0.11075
-0.186667	0.108656
-0.173333	0.106717
-0.16	0.104936
-0.146667	0.103316
-0.133333	0.101859
-0.12	0.10057
-0.106667	0.099449
-0.0933333	0.098499
-0.08	0.0977215
-0.0666667	0.0971185
-0.0533333	0.0966914
-0.04	0.0964418
-0.0266667	0.0963714
-0.0133333	0.0964817
0	0.0967744
0.0133333	0.0972515
0.0266667	0.097915
0.04	0.0987672
0.0533333	0.0998108
0.0666667	0.101049
0.08	0.102484
0.0933333	0.10412
0.106667	0.105962
0.12	0.108014
0.133333	0.11028
0.146667	0.112766
0.16	0.115478
0.173333	0.118423
0.186667	0.121606
0.2	0.125035
0.213333	0.128718
0.226667	0.132662
0.24	0.136876
0.253333	0.141368
0.266667	0.146147
0.28	0.15122
0.293333	0.156598
0.306667	0.162289
0.32	0.168302
0.333333	0.174644
0.346667	0.181324
0.36	0.18835
0.373333	0.195729
0.386667	0.203467
0.4	0.21157
0.413333	0.220042
0.426667	0.228887
0.44	0.238109
0.453333	0.247707
0.466667	0.257683
0.48	0.268034
0.493333	0.278757
0.506667	0.289848
0.52	0.301299
0.533333	0.313102
0.546667	0.325247
0.56	0.337721
0.573333	0.350509
0.586667	0.363595
0.6	0.376959
0.613333	0.390581
0.626667	0.404438
0.64	0.418503
0.653333	0.43275
0.666667	0.447149
0.68	0.461669
0.693333	0.476275
0.706667	0.490934
0.72	0.505606
0.733333	0.520255
0.746667	0.534839
0.76	0.549316
0.773333	0.563644
0.786667	0.577778
0.8	0.591674
0.813333	0.605285
0.826667	0.618566
0.84	0.631469
0.853333	0.643948
0.866667	0.655957
0.88	0.667448
0.893333	0.678377
0.906667	0.688699
0.92	0.69837
0.933333	0.707348
0.946667	0.715594
0.96	0.723068
0.973333	0.729734
0.986667	0.735561
1	0.740516
1.01333	0.744573
1.02667	0.747707
1.04	0.749898
1.05333	0.751129
1.06667	0.751388
1.08	0.750665
1.09333	0.748957
1.10667	0.746263
1.12	0.742588
1.13333	0.73794
1.14667	0.732332
1.16	0.725782
1.17333	0.71831
1.18667	0.709944
1.2	0.700712
1.21333	0.690647
1.22667	0.679787
1.24	0.66817
1.25333	0.65584
1.26667	0.642843
1.28	0.629225
1.29333	0.615037
1.30667	0.600329
1.32	0.585154
1.33333	0.569566
1.34667	0.553617
1.36	0.537362
1.37333	0.520854
1.38667	0.504147
1.4	0.487292
1.41333	0.470342
1.42667	0.453345
1.44	0.436351
1.45333	0.419406
1.46667	0.402553
1.48	0.385836
1.49333	0.369293
1.50667	0.352964
1.52	0.336881
1.53333	0.321078
1.54667	0.305583
1.56	0.290425
1.57333	0.275626
1.58667	0.26121
1.6	0.247193
1.61333	0.233594
1.62667	0.220424
1.64	0.207697
1.65333	0.19542
1.66667	0.183601
1.68	0.172244
1.69333	0.161351
1.70667	0.150923
1.72	0.140959
1.73333	0.131455
1.74667	0.122407
1.76	0.11381
1.77333	0.105655
1.78667	0.0979346
1.8	0.0906386
1.81333	0.0837564
1.82667	0.0772766
1.84	0.071187
1.85333	0.0654747
1.86667	0.0601263
1.88	0.055128
1.89333	0.0504657
1.90667	0.0461249
1.92	0.0420911
1.93333	0.0383496
1.94667	0.0348859
1.96	0.0316854
1.97333	0.0287337
1.98667	0.0260167
2	0.0235204
2.01333	0.0212311
2.02667	0.0191358
2.04	0.0172215
2.05333	0.0154758
2.06667	0.0138869
2.08	0.0124432
2.09333	0.0111339
2.10667	0.00994861
2.12	0.00887737
2.13333	0.0079109
2.14667	0.0070404
2.16	0.00625765
2.17333	0.00555492
2.18667	0.004925
2.2	0.0043612
2.21333	0.00385731
2.22667	0.00340761
2.24	0.0030068
2.25333	0.00265003
2.26667	0.00233287
2.28	0.00205126
2.29333	0.0018015
2.30667	0.00158023
2.32	0.00138443
2.33333	0.00121132
2.34667	0.00105846
2.36	0.000923597
2.37333	0.000804742
2.38667	0.000700097
2.4	0.000608062
2.41333	0.000527203
2.42667	0.000456247
2.44	0.000394054
2.45333	0.000339615
2.46667	0.000292028
2.48	0.000250496
2.49333	0.000214307
2.50667	0.000182833
2.52	0.000155512
2.53333	0.000131851
2.54667	0.000111406
2.56	9.37882e-05
2.57333	7.86493e-05
2.58667	6.56807e-05
2.6	5.46093e-05
2.61333	4.51915e-05
2.62667	3.72127e-05
2.64	3.04814e-05
2.65333	2.48291e-05
2.66667	2.0106e-05
2.68	1.61803e-05
2.69333	1.29359e-05
2.70667	1.02708e-05
2.72	8.09577e-06
2.73333	6.33301e-06
2.74667	4.91518e-06
2.76	3.7838e-06
2.77333	2.8889e-06
2.78667	2.1875e-06
2.8	1.64333e-06
2.81333	1.22561e-06
2.82667	9.08739e-07
2.84	6.71377e-07
2.85333	4.96062e-07
2.86667	3.68478e-07
2.88	2.77152e-07
2.89333	2.12868e-07
2.90667	1.68428e-07
2.92	1.3819e-07
2.93333	1.17891e-07
2.94667	1.04294e-07
2.96	9.50628e-08
2.97333	8.84946e-08
2.98667	8.34389e-08
3	7.91115e-08
3.01333	7.50343e-08
3.02667	7.09249e-08
3.04	6.66549e-08
3.05333	6.21966e-08
3.06667	5.75714e-08
3.08	5.28576e-08
3.09333	4.81144e-08
3.10667	4.34423e-08
3.12	3.88967e-08
3.13333	3.45558e-08
3.14667	3.04606e-08
3.16	2.66488e-08
3.17333	2.31429e-08
3.18667	1.99519e-08
3.2	1.70783e-08
3.21333	1.45122e-08
3.22667	1.22434e-08
3.24	1.02509e-08
3.25333	8.52215e-09
3.26667	7.02784e-09
3.28	5.75438e-09
3.29333	4.6713e-09
3.30667	3.76187e-09
3.32	3.00277e-09
3.33333	2.376e-09
3.34667	1.86143e-09
3.36	1.44414e-09
3.37333	1.10753e-09
3.38667	8.39286e-10
3.4	6.28001e-10
3.41333	4.62608e-10
3.42667	3.35835e-10
3.44	2.38963e-10
3.45333	1.67094e-10
3.46667	1.14082e-10
3.48	7.62475e-11
3.49333	4.94818e-11
3.50667	3.17106e-11
3.52	1.97908e-11
3.53333	1.27041e-11
3.54667	8.48857e-12
3.56	6.43426e-12
3.57333	5.58146e-12
3.58667	5.54257e-12
3.6	5.79314e-12
3.61333	6.21566e-12
3.62667	6.49717e-12
3.64	6.75066e-12
3.65333	6.77113e-12
3.66667	6.63682e-12
3.68	6.39978e-12
3.69333	6.0128e-12
3.70667	5.48296e-12
3.72	5.03453e-12
3.73333	4.46693e-12
3.74667	3.91663e-12
3.76	3.41325e-12
3.77333	2.92373e-12
3.78667	2.4365e-12
3.8	2.09389e-12
3.81333	1.71246e-12
3.82667	1.39029e-12
3.84	1.14193e-12
3.85333	9.22721e-13
3.86667	7.17139e-13
3.88	5.96538e-13
3.89333	4.61921e-13
3.90667	3.59824e-13
3.92	2.887e-13
3.93333	2.27453e-13
3.94667	1.62927e-13
3.96	1.42628e-13
3.97333	1.08513e-13
3.98667	8.58362e-14
