-4	2.12936e-14
-3.98667	3.21624e-14
-3.97333	4.40512e-14
-3.96	6.06952e-14
-3.94667	8.40534e-14
-3.93333	1.1798e-13
-3.92	1.56372e-13
-3.90667	2.13662e-13
-3.89333	2.76155e-13
-3.88	3.78735e-13
-3.86667	4.93916e-13
-3.85333	6.62927e-13
-3.84	8.54349e-13
-3.82667	1.14677e-12
-3.81333	1.46863e-12
-3.8	1.92379e-12
-3.78667	2.45279e-12
-3.77333	3.16787e-12
-3.76	4.04189e-12
-3.74667	5.20465e-12
-3.73333	6.55392e-12
-3.72	8.29954e-12
-3.70667	1.03826e-11
-3.69333	1.29832e-11
-3.68	1.59824e-11
-3.66667	1.97815e-11
-3.65333	2.40718e-11
-3.64	2.94864e-11
-3.62667	3.55854e-11
-3.61333	4.30429e-11
-3.6	5.13183e-11
-3.58667	6.16216e-11
-3.57333	7.30114e-11
-3.56	8.69784e-11
-3.54667	1.02804e-10
-3.53333	1.22214e-10
-3.52	1.44556e-10
-3.50667	1.72253e-10
-3.49333	2.04543e-10
-3.48	2.44951e-10
-3.46667	2.93869e-10
-3.45333	3.55967e-10
-3.44	4.32384e-10
-3.42667	5.30856e-10
-3.41333	6.54084e-10
-3.4	8.13626e-10
-3.38667	1.01541e-09
-3.37333	1.2764e-09
-3.36	1.60746e-09
-3.34667	2.0353e-09
-3.33333	2.57833e-09
-3.32	3.27433e-09
-3.30667	4.15577e-09
-3.29333	5.27875e-09
-3.28	6.69402e-09
-3.26667	8.4836e-09
-3.25333	1.07256e-08
-3.24	1.35344e-08
-3.22667	1.70308e-08
-3.21333	2.13766e-08
-3.2	2.67408e-08
-3.18667	3.33515e-08
-3.17333	4.14496e-08
-3.16	5.13469e-08
-3.14667	6.3377e-08
-3.13333	7.79607e-08
-3.12	9.55458e-08
-3.10667	1.167e-07
-3.09333	1.42028e-07
-3.08	1.72288e-07
-3.06667	2.08274e-07
-3.05333	2.51003e-07
-3.04	3.01547e-07
-3.02667	3.61242e-07
-3.01333	4.31534e-07
-3	5.14189e-07
-2.98667	6.11154e-07
-2.97333	7.24819e-07
-2.96	8.57859e-07
-2.94667	1.0135e-06
-2.93333	1.19544e-06
-2.92	1.40812e-06
-2.90667	1.65672e-06
-2.89333	1.94732e-06
-2.88	2.28721e-06
-2.86667	2.68484e-06
-2.85333	3.15032e-06
-2.84	3.69551e-06
-2.82667	4.33449e-06
-2.81333	5.08374e-06
-2.8	5.96276e-06
-2.78667	6.99449e-06
-2.77333	8.2058e-06
-2.76	9.62833e-06
-2.74667	1.12988e-05
-2.73333	1.32605e-05
-2.72	1.55633e-05
-2.70667	1.82657e-05
-2.69333	2.14349e-05
-2.68	2.51496e-05
-2.66667	2.9499e-05
-2.65333	3.45877e-05
-2.64	4.05338e-05
-2.62667	4.74742e-05
-2.61333	5.55634e-05
-2.6	6.49785e-05
-2.58667	7.59188e-05
-2.57333	8.86114e-05
-2.56	0.00010331
-2.54667	0.000120302
-2.53333	0.000139907
-2.52	0.000162482
-2.50667	0.000188423
-2.49333	0.000218171
-2.48	0.000252206
-2.46667	0.000291064
-2.45333	0.000335323
-2.44	0.00038562
-2.42667	0.000442642
-2.41333	0.000507134
-2.4	0.000579899
-2.38667	0.000661796
-2.37333	0.000753747
-2.36	0.000856732
-2.34667	0.00097179
-2.33333	0.00110002
-2.32	0.00124259
-2.30667	0.0014007
-2.29333	0.00157563
-2.28	0.00176872
-2.26667	0.00198133
-2.25333	0.00221491
-2.24	0.00247093
-2.22667	0.00275094
-2.21333	0.00305652
-2.2	0.0033893
-2.18667	0.00375096
-2.17333	0.00414322
-2.16	0.00456786
-2.14667	0.00502672
-2.13333	0.00552166
-2.12	0.00605464
-2.10667	0.00662763
-2.09333	0.0072427
-2.08	0.00790197
-2.06667	0.00860762
-2.05333	0.00936191
-2.04	0.0101672
-2.02667	0.0110258
-2.01333	0.0119404
-2	0.0129133
-1.98667	0.0139474
-1.97333	0.0150452
-1.96	0.0162095
-1.94667	0.0174432
-1.93333	0.0187491
-1.92	0.02013
-1.90667	0.0215889
-1.89333	0.0231287
-1.88	0.0247521
-1.86667	0.0264618
-1.85333	0.0282605
-1.84	0.0301507
-1.82667	0.0321347
-1.81333	0.0342145
-1.8	0.0363919
-1.78667	0.0386683
-1.77333	0.0410448
-1.76	0.0435221
-1.74667	0.0461002
-1.73333	0.0487789
-1.72	0.0515572
-1.70667	0.0544335
-1.69333	0.0574056
-1.68	0.0604705
-1.66667	0.0636247
-1.65333	0.0668635
-1.64	0.0701819
-1.62667	0.0735739
-1.61333	0.0770326
-1.6	0.0805504
-1.58667	0.0841191
-1.57333	0.0877294
-1.56	0.0913717
-1.54667	0.0950352
-1.53333	0.098709
-1.52	0.102381
-1.50667	0.10604
-1.49333	0.109673
-1.48	0.113266
-1.46667	0.116807
-1.45333	0.120282
-1.44	0.123678
-1.42667	0.126982
-1.41333	0.13018
-1.4	0.13326
-1.38667	0.136209
-1.37333	0.139014
-1.36	0.141664
-1.34667	0.144148
-1.33333	0.146456
-1.32	0.148578
-1.30667	0.150506
-1.29333	0.152231
-1.28	0.153748
-1.26667	0.15505
-1.25333	0.156132
-1.24	0.156992
-1.22667	0.157625
-1.21333	0.158032
-1.2	0.158211
-1.18667	0.158163
-1.17333	0.15789
-1.16	0.157395
-1.14667	0.156682
-1.13333	0.155755
-1.12	0.15462
-1.10667	0.153284
-1.09333	0.151755
-1.08	0.15004
-1.06667	0.148148
-1.05333	0.14609
-1.04	0.143874
-1.02667	0.141513
-1.01333	0.139016
-1	0.136396
-0.986667	0.133664
-0.973333	0.130833
-0.96	0.127914
-0.946667	0.12492
-0.933333	0.121863
-0.92	0.118756
-0.906667	0.115612
-0.893333	0.112441
-0.88	0.109256
-0.866667	0.106069
-0.853333	0.102891
-0.84	0.0997329
-0.826667	0.0966058
-0.813333	0.0935196
-0.8	0.0904841
-0.786667	0.0875084
-0.773333	0.0846014
-0.76	0.0817713
-0.746667	0.0790255
-0.733333	0.0763713
-0.72	0.073815
-0.706667	0.0713628
-0.693333	0.0690198
-0.68	0.066791
-0.666667	0.0646806
-0.653333	0.0626923
-0.64	0.0608292
-0.626667	0.0590941
-0.613333	0.057489
-0.6	0.0560155
-0.586667	0.054675
-0.573333	0.053468
-0.56	0.0523948
-0.546667	0.0514554
-0.533333	0.050649
-0.52	0.0499749
-0.506667	0.0494316
-0.493333	0.0490174
-0.48	0.0487304
-0.466667	0.0485683
-0.453333	0.0485285
-0.44	0.0486082
-0.426667	0.0488042
-0.413333	0.0491133
-0.4	0.0495321
-0.386667	0.0500571
-0.373333	0.0506846
-0.36	0.0514108
-0.346667	0.0522321
-0.333333	0.0531446
-0.32	0.0541448
-0.306667	0.055229
-0.293333	0.0563939
-0.28	0.0576361
-0.266667	0.0589525
-0.253333	0.0603404
-0.24	0.0617973
-0.226667	0.0633208
-0.213333	0.0649092
-0.2	0.066561
-0.186667	0.068275
-0.173333	0.0700506
-0.16	0.0718874
-0.146667	0.0737858
-0.133333	0.0757463
-0.12	0.07777
-0.106667	0.0798585
-0.0933333	0.0820139
-0.08	0.0842386
-0.0666667	0.0865356
-0.0533333	0.0889083
-0.04	0.0913605
-0.0266667	0.0938965
-0.0133333	0.0965209
0	0.0992387
0.0133333	0.102055
0.0266667	0.104977
0.04	0.108009
0.0533333	0.111158
0.0666667	0.11443
0.08	0.117834
0.0933333	0.121375
0.106667	0.125062
0.12	0.128901
0.133333	0.132902
0.146667	0.137072
0.16	0.141418
0.173333	0.14595
0.186667	0.150676
0.2	0.155604
0.213333	0.160743
0.226667	0.166102
0.24	0.171689
0.253333	0.177514
0.266667	0.183584
0.28	0.189908
0.293333	0.196495
0.306667	0.203354
0.32	0.210492
0.333333	0.217917
0.346667	0.225636
0.36	0.233658
0.373333	0.241988
0.386667	0.250632
0.4	0.259597
0.413333	0.268887
0.426667	0.278505
0.44	0.288455
0.453333	0.298738
0.466667	0.309357
0.48	0.320309
0.493333	0.331594
0.506667	0.343208
0.52	0.355147
0.533333	0.367403
0.546667	0.379969
0.56	0.392835
0.573333	0.405989
0.586667	0.419416
0.6	0.433101
0.613333	0.447025
0.626667	0.461168
0.64	0.475509
0.653333	0.490021
0.666667	0.504679
0.68	0.519454
0.693333	0.534315
0.706667	0.54923
0.72	0.564163
0.733333	0.579079
0.746667	0.59394
0.76	0.608706
0.773333	0.623337
0.786667	0.637791
0.8	0.652025
0.813333	0.665995
0.826667	0.679659
0.84	0.69297
0.853333	0.705885
0.866667	0.718359
0.88	0.730348
0.893333	0.741809
0.906667	0.752697
0.92	0.762972
0.933333	0.772592
0.946667	0.781519
0.96	0.789714
0.973333	0.797142
0.986667	0.803768
1	0.809561
1.01333	0.814492
1.02667	0.818534
1.04	0.821663
1.05333	0.823858
1.06667	0.825102
1.08	0.825379
1.09333	0.824678
1.10667	0.822991
1.12	0.820314
1.13333	0.816646
1.14667	0.81199
1.16	0.806353
1.17333	0.799744
1.18667	0.792179
1.2	0.783674
1.21333	0.774252
1.22667	0.763937
1.24	0.752758
1.25333	0.740747
1.26667	0.727939
1.28	0.714373
1.29333	0.700089
1.30667	0.685131
1.32	0.669546
1.33333	0.653381
1.34667	0.636688
1.36	0.619518
1.37333	0.601924
1.38667	0.583961
1.4	0.565684
1.41333	0.547149
1.42667	0.52841
1.44	0.509523
1.45333	0.490544
1.46667	0.471527
1.48	0.452524
1.49333	0.433587
1.50667	0.414767
1.52	0.396112
1.53333	0.377667
1.54667	0.359478
1.56	0.341585
1.57333	0.324028
1.58667	0.306843
1.6	0.290062
1.61333	0.273716
1.62667	0.257833
1.64	0.242437
1.65333	0.227548
1.66667	0.213184
1.68	0.199361
1.69333	0.186089
1.70667	0.173377
1.72	0.161231
1.73333	0.149653
1.74667	0.138644
1.76	0.128201
1.77333	0.118318
1.78667	0.108988
1.8	0.100201
1.81333	0.0919466
1.82667	0.0842104
1.84	0.0769776
1.85333	0.070232
1.86667	0.0639559
1.88	0.0581308
1.89333	0.0527374
1.90667	0.0477555
1.92	0.043165
1.93333	0.0389451
1.94667	0.035075
1.96	0.0315341
1.97333	0.0283019
1.98667	0.0253583
2	0.0226837
2.01333	0.0202587
2.02667	0.0180651
2.04	0.016085
2.05333	0.0143014
2.06667	0.012698
2.08	0.0112597
2.09333	0.00997182
2.10667	0.0088209
2.12	0.0077942
2.13333	0.00687992
2.14667	0.00606708
2.16	0.00534558
2.17333	0.00470609
2.18667	0.00414008
2.2	0.00363976
2.21333	0.00319802
2.22667	0.00280844
2.24	0.0024652
2.25333	0.00216305
2.26667	0.00189728
2.28	0.00166366
2.29333	0.00145842
2.30667	0.0012782
2.32	0.00112
2.33333	0.000981183
2.34667	0.000859391
2.36	0.00075255
2.37333	0.000658834
2.38667	0.000576631
2.4	0.000504527
2.41333	0.000441279
2.42667	0.000385798
2.44	0.000337126
2.45333	0.000294431
2.46667	0.000256978
2.48	0.000224129
2.49333	0.00019532
2.50667	0.000170062
2.52	0.000147924
2.53333	0.00012853
2.54667	0.000111548
2.56	9.66896e-05
2.57333	8.36986e-05
2.58667	7.2351e-05
2.6	6.24495e-05
2.61333	5.38201e-05
2.62667	4.63089e-05
2.64	3.97804e-05
2.65333	3.41145e-05
2.66667	2.92054e-05
2.68	2.4959e-05
2.69333	2.12927e-05
2.70667	1.81329e-05
2.72	1.54149e-05
2.73333	1.30815e-05
2.74667	1.10824e-05
2.76	9.37315e-06
2.77333	7.91445e-06
2.78667	6.67229e-06
2.8	5.61651e-06
2.81333	4.72096e-06
2.82667	3.96283e-06
2.84	3.32214e-06
2.85333	2.7817e-06
2.86667	2.32655e-06
2.88	1.94396e-06
2.89333	1.62279e-06
2.90667	1.35363e-06
2.92	1.12836e-06
2.93333	9.40119e-07
2.94667	7.82943e-07
2.96	6.51931e-07
2.97333	5.42747e-07
2.98667	4.51899e-07
3	3.76294e-07
3.01333	3.13484e-07
3.02667	2.61267e-07
3.04	2.17889e-07
3.05333	1.8184e-07
3.06667	1.51895e-07
3.08	1.26988e-07
3.09333	1.06288e-07
3.10667	8.90361e-08
3.12	7.46644e-08
3.13333	6.26534e-08
3.14667	5.2628e-08
3.16	4.42265e-08
3.17333	3.71903e-08
3.18667	3.12742e-08
3.2	2.63096e-08
3.21333	2.21134e-08
3.22667	1.85877e-08
3.24	1.55969e-08
3.25333	1.3078e-08
3.26667	1.09418e-08
3.28	9.14576e-09
3.29333	7.62116e-09
3.30667	6.34036e-09
3.32	5.25366e-09
3.33333	4.3447e-09
3.34667	3.57701e-09
3.36	2.93796e-09
3.37333	2.40194e-09
3.38667	1.95649e-09
3.4	1.58689e-09
3.41333	1.28275e-09
3.42667	1.03178e-09
3.44	8.26854e-10
3.45333	6.60061e-10
3.46667	5.24251e-10
3.48	4.15248e-10
3.49333	3.27146e-10
3.50667	2.56551e-10
3.52	2.00555e-10
3.53333	1.5634e-10
3.54667	1.21382e-10
3.56	9.39016e-11
3.57333	7.24329e-11
3.58667	5.56694e-11
3.6	4.29867e-11
3.61333	3.30462e-11
3.62667	2.53783e-11
3.64	1.93522e-11
3.65333	1.47096e-11
3.66667	1.10598e-11
3.68	8.31937e-12
3.69333	6.21236e-12
3.70667	4.66755e-12
3.72	3.54219e-12
3.73333	2.69685e-12
3.74667	2.01968e-12
3.76	1.5565e-12
3.77333	1.18351e-12
3.78667	9.25719e-13
3.8	7.06405e-13
3.81333	5.55945e-13
3.82667	4.09202e-13
3.84	3.40124e-13
3.85333	2.59976e-13
3.86667	2.02164e-13
3.88	1.51465e-13
3.89333	1.21e-13
3.90667	8.43528e-14
3.92	6.90244e-14
3.93333	5.18654e-14
3.94667	3.97321e-14
3.96	3.03135e-14
3.97333	2.55942e-14
3.98667	1.26363e-14
