-4	4.45504e-14
-3.98667	5.36159e-14
-3.97333	7.43148e-14
-3.96	9.03194e-14
-3.94667	1.25072e-13
-3.93333	1.63707e-13
-3.92	2.06951e-13
-3.90667	2.62125e-13
-3.89333	3.48437e-13
-3.88	4.28523e-13
-3.86667	5.51068e-13
-3.85333	6.95122e-13
-3.84	8.71904e-13
-3.82667	1.06239e-12
-3.81333	1.3235e-12
-3.8	1.56953e-12
-3.78667	1.90963e-12
-3.77333	2.28535e-12
-3.76	2.70269e-12
-3.74667	3.14356e-12
-3.73333	3.67828e-12
-3.72	4.21273e-12
-3.70667	4.84088e-12
-3.69333	5.50096e-12
-3.68	6.20474e-12
-3.66667	6.98601e-12
-3.65333	7.93824e-12
-3.64	8.98265e-12
-3.62667	1.04043e-11
-3.61333	1.21124e-11
-3.6	1.46075e-11
-3.58667	1.79023e-11
-3.57333	2.28047e-11
-3.56	2.94155e-11
-3.54667	3.94191e-11
-3.53333	5.28889e-11
-3.52	7.27396e-11
-3.50667	9.93483e-11
-3.49333	1.36699e-10
-3.48	1.86063e-10
-3.46667	2.53722e-10
-3.45333	3.41458e-10
-3.44	4.58615e-10
-3.42667	6.08695e-10
-3.41333	8.04189e-10
-3.4	1.05224e-09
-3.38667	1.36979e-09
-3.37333	1.76808e-09
-3.36	2.27021e-09
-3.34667	2.89401e-09
-3.33333	3.67067e-09
-3.32	4.62519e-09
-3.30667	5.79771e-09
-3.29333	7.22582e-09
-3.28	8.96038e-09
-3.26667	1.10522e-08
-3.25333	1.35688e-08
-3.24	1.65708e-08
-3.22667	2.01469e-08
-3.21333	2.43799e-08
-3.2	2.93765e-08
-3.18667	3.52385e-08
-3.17333	4.21004e-08
-3.16	5.00789e-08
-3.14667	5.93413e-08
-3.13333	7.00215e-08
-3.12	8.23169e-08
-3.10667	9.63714e-08
-3.09333	1.12411e-07
-3.08	1.30594e-07
-3.06667	1.51153e-07
-3.05333	1.74245e-07
-3.04	2.00127e-07
-3.02667	2.28943e-07
-3.01333	2.60957e-07
-3	2.96304e-07
-2.98667	3.35214e-07
-2.97333	3.77796e-07
-2.96	4.24242e-07
-2.94667	4.74634e-07
-2.93333	5.29088e-07
-2.92	5.87626e-07
-2.90667	6.50324e-07
-2.89333	7.17116e-07
-2.88	7.88039e-07
-2.86667	8.62965e-07
-2.85333	9.41876e-07
-2.84	1.02457e-06
-2.82667	1.11104e-06
-2.81333	1.20107e-06
-2.8	1.29468e-06
-2.78667	1.39176e-06
-2.77333	1.49261e-06
-2.76	1.59742e-06
-2.74667	1.70703e-06
-2.73333	1.82242e-06
-2.72	1.94543e-06
-2.70667	2.07848e-06
-2.69333	2.22529e-06
-2.68	2.39093e-06
-2.66667	2.58236e-06
-2.65333	2.80896e-06
-2.64	3.08319e-06
-2.62667	3.42139e-06
-2.61333	3.84471e-06
-2.6	4.38031e-06
-2.58667	5.06272e-06
-2.57333	5.93529e-06
-2.56	7.0525e-06
-2.54667	8.48166e-06
-2.53333	1.0306e-05
-2.52	1.26273e-05
-2.50667	1.55695e-05
-2.49333	1.92827e-05
-2.48	2.39474e-05
-2.46667	2.97792e-05
-2.45333	3.70352e-05
-2.44	4.60188e-05
-2.42667	5.70877e-05
-2.41333	7.06606e-05
-2.4	8.72254e-05
-2.38667	0.000107347
-2.37333	0.000131678
-2.36	0.000160965
-2.34667	0.000196062
-2.33333	0.000237938
-2.32	0.000287689
-2.30667	0.000346546
-2.29333	0.000415887
-2.28	0.000497245
-2.26667	0.00059232
-2.25333	0.000702978
-2.24	0.000831273
-2.22667	0.000979437
-2.21333	0.0011499
-2.2	0.00134527
-2.18667	0.00156836
-2.17333	0.00182217
-2.16	0.00210988
-2.14667	0.00243483
-2.13333	0.00280057
-2.12	0.00321077
-2.10667	0.00366925
-2.09333	0.00417995
-2.08	0.00474689
-2.06667	0.00537418
-2.05333	0.00606598
-2.04	0.00682645
-2.02667	0.00765974
-2.01333	0.00856997
-2	0.00956113
-1.98667	0.0106371
-1.97333	0.0118017
-1.96	0.0130585
-1.94667	0.0144107
-1.93333	0.0158614
-1.92	0.0174134
-1.90667	0.0190691
-1.89333	0.0208305
-1.88	0.0226994
-1.86667	0.0246769
-1.85333	0.026764
-1.84	0.0289608
-1.82667	0.0312673
-1.81333	0.0336829
-1.8	0.0362065
-1.78667	0.0388363
-1.77333	0.0415704
-1.76	0.044406
-1.74667	0.04734
-1.73333	0.0503688
-1.72	0.0534882
-1.70667	0.0566938
-1.69333	0.0599804
-1.68	0.0633427
-1.66667	0.0667748
-1.65333	0.0702705
-1.64	0.0738232
-1.62667	0.0774259
-1.61333	0.0810715
-1.6	0.0847525
-1.58667	0.0884611
-1.57333	0.0921892
-1.56	0.0959288
-1.54667	0.0996715
-1.53333	0.103409
-1.52	0.107132
-1.50667	0.110832
-1.49333	0.1145
-1.48	0.118128
-1.46667	0.121707
-1.45333	0.125226
-1.44	0.128679
-1.42667	0.132055
-1.41333	0.135345
-1.4	0.138542
-1.38667	0.141636
-1.37333	0.14462
-1.36	0.147484
-1.34667	0.15022
-1.33333	0.152822
-1.32	0.155281
-1.30667	0.157591
-1.29333	0.159744
-1.28	0.161735
-1.26667	0.163557
-1.25333	0.165207
-1.24	0.166678
-1.22667	0.167967
-1.21333	0.169071
-1.2	0.169986
-1.18667	0.170712
-1.17333	0.171246
-1.16	0.171589
-1.14667	0.17174
-1.13333	0.171701
-1.12	0.171473
-1.10667	0.17106
-1.09333	0.170463
-1.08	0.169689
-1.06667	0.16874
-1.05333	0.167623
-1.04	0.166344
-1.02667	0.164909
-1.01333	0.163325
-1	0.1616
-0.986667	0.159741
-0.973333	0.157757
-0.96	0.155655
-0.946667	0.153446
-0.933333	0.151136
-0.92	0.148736
-0.906667	0.146253
-0.893333	0.143696
-0.88	0.141074
-0.866667	0.138395
-0.853333	0.135666
-0.84	0.132897
-0.826667	0.130093
-0.813333	0.127263
-0.8	0.124414
-0.786667	0.121551
-0.773333	0.118681
-0.76	0.11581
-0.746667	0.112943
-0.733333	0.110086
-0.72	0.107243
-0.706667	0.104419
-0.693333	0.101618
-0.68	0.0988448
-0.666667	0.0961026
-0.653333	0.0933955
-0.64	0.090727
-0.626667	0.0881006
-0.613333	0.0855199
-0.6	0.0829882
-0.586667	0.0805089
-0.573333	0.0780854
-0.56	0.0757211
-0.546667	0.0734194
-0.533333	0.0711839
-0.52	0.0690181
-0.506667	0.0669257
-0.493333	0.0649104
-0.48	0.062976
-0.466667	0.0611265
-0.453333	0.0593656
-0.44	0.0576976
-0.426667	0.0561263
-0.413333	0.0546558
-0.4	0.0532903
-0.386667	0.0520339
-0.373333	0.0508905
-0.36	0.0498643
-0.346667	0.0489591
-0.333333	0.0481789
-0.32	0.0475275
-0.306667	0.0470084
-0.293333	0.0466254
-0.28	0.0463816
-0.266667	0.0462804
-0.253333	0.0463248
-0.24	0.0465176
-0.226667	0.0468617
-0.213333	0.0473594
-0.2	0.048013
-0.186667	0.0488247
-0.173333	0.0497963
-0.16	0.0509297
-0.146667	0.0522265
-0.133333	0.0536879
-0.12	0.0553154
-0.106667	0.0571102
-0.0933333	0.0590732
-0.08	0.0612056
-0.0666667	0.0635083
-0.0533333	0.0659824
-0.04	0.0686287
-0.0266667	0.0714484
-0.0133333	0.0744426
0	0.0776126
0.0133333	0.0809596
0.0266667	0.0844853
0.04	0.0881914
0.0533333	0.0920799
0.0666667	0.0961529
0.08	0.100413
0.0933333	0.104862
0.106667	0.109505
0.12	0.114343
0.133333	0.11938
0.146667	0.12462
0.16	0.130067
0.173333	0.135725
0.186667	0.141599
0.2	0.147691
0.213333	0.154008
0.226667	0.160553
0.24	0.16733
0.253333	0.174345
0.266667	0.181601
0.28	0.189101
0.293333	0.19685
0.306667	0.20485
0.32	0.213105
0.333333	0.221616
0.346667	0.230384
0.36	0.239412
0.373333	0.248698
0.386667	0.258243
0.4	0.268044
0.413333	0.278099
0.426667	0.288405
0.44	0.298958
0.453333	0.309752
0.466667	0.320781
0.48	0.332038
0.493333	0.343515
0.506667	0.355202
0.52	0.367089
0.533333	0.379165
0.546667	0.391417
0.56	0.403833
0.573333	0.416398
0.586667	0.429097
0.6	0.441915
0.613333	0.454834
0.626667	0.467838
0.64	0.480909
0.653333	0.494026
0.666667	0.507171
0.68	0.520322
0.693333	0.533459
0.706667	0.54656
0.72	0.559601
0.733333	0.57256
0.746667	0.585412
0.76	0.598133
0.773333	0.610696
0.786667	0.623076
0.8	0.635245
0.813333	0.647177
0.826667	0.658841
0.84	0.67021
0.853333	0.681254
0.866667	0.691942
0.88	0.702245
0.893333	0.712131
0.906667	0.72157
0.92	0.730528
0.933333	0.738976
0.946667	0.746881
0.96	0.754213
0.973333	0.76094
0.986667	0.767033
1	0.772461
1.01333	0.777196
1.02667	0.781211
1.04	0.78448
1.05333	0.786977
1.06667	0.788681
1.08	0.78957
1.09333	0.789626
1.10667	0.788833
1.12	0.787177
1.13333	0.784647
1.14667	0.781236
1.16	0.776938
1.17333	0.771753
1.18667	0.765683
1.2	0.758732
1.21333	0.75091
1.22667	0.742229
1.24	0.732705
1.25333	0.722359
1.26667	0.711213
1.28	0.699295
1.29333	0.686635
1.30667	0.673266
1.32	0.659225
1.33333	0.644552
1.34667	0.62929
1.36	0.613483
1.37333	0.597179
1.38667	0.580428
1.4	0.56328
1.41333	0.545788
1.42667	0.528006
1.44	0.509988
1.45333	0.49179
1.46667	0.473466
1.48	0.455071
1.49333	0.436659
1.50667	0.418284
1.52	0.399997
1.53333	0.38185
1.54667	0.36389
1.56	0.346164
1.57333	0.328715
1.58667	0.311587
1.6	0.294816
1.61333	0.278439
1.62667	0.262488
1.64	0.246992
1.65333	0.231977
1.66667	0.217465
1.68	0.203475
1.69333	0.190023
1.70667	0.177121
1.72	0.164777
1.73333	0.152997
1.74667	0.141784
1.76	0.131137
1.77333	0.121053
1.78667	0.111526
1.8	0.102547
1.81333	0.0941063
1.82667	0.0861909
1.84	0.0787864
1.85333	0.0718771
1.86667	0.0654455
1.88	0.0594732
1.89333	0.053941
1.90667	0.0488287
1.92	0.0441159
1.93333	0.0397817
1.94667	0.0358052
1.96	0.0321654
1.97333	0.0288415
1.98667	0.0258132
2	0.0230604
2.01333	0.0205637
2.02667	0.0183044
2.04	0.0162643
2.05333	0.0144261
2.06667	0.0127733
2.08	0.0112904
2.09333	0.00996262
2.10667	0.00877605
2.12	0.00771779
2.13333	0.00677576
2.14667	0.00593876
2.16	0.00519645
2.17333	0.00453929
2.18667	0.00395854
2.2	0.0034462
2.21333	0.00299497
2.22667	0.00259823
2.24	0.00224998
2.25333	0.0019448
2.26667	0.0016778
2.28	0.00144461
2.29333	0.00124128
2.30667	0.0010643
2.32	0.000910534
2.33333	0.000777184
2.34667	0.000661764
2.36	0.000562067
2.37333	0.000476137
2.38667	0.000402242
2.4	0.000338848
2.41333	0.000284603
2.42667	0.000238312
2.44	0.000198923
2.45333	0.000165509
2.46667	0.000137256
2.48	0.000113447
2.49333	9.34559e-05
2.50667	7.67326e-05
2.52	6.27982e-05
2.53333	5.12343e-05
2.54667	4.16777e-05
2.56	3.3814e-05
2.57333	2.73713e-05
2.58667	2.21157e-05
2.6	1.78469e-05
2.61333	1.43942e-05
2.62667	1.16127e-05
2.64	9.37995e-06
2.65333	7.59356e-06
2.66667	6.16777e-06
2.68	5.03189e-06
2.69333	4.12743e-06
2.70667	3.40703e-06
2.72	2.83198e-06
2.73333	2.37134e-06
2.74667	2.0004e-06
2.76	1.69969e-06
2.77333	1.45382e-06
2.78667	1.25088e-06
2.8	1.08162e-06
2.81333	9.39038e-07
2.82667	8.17646e-07
2.84	7.13481e-07
2.85333	6.23309e-07
2.86667	5.44851e-07
2.88	4.76165e-07
2.89333	4.15942e-07
2.90667	3.62995e-07
2.92	3.16445e-07
2.93333	2.7552e-07
2.94667	2.39606e-07
2.96	2.08106e-07
2.97333	1.80571e-07
2.98667	1.56518e-07
3	1.35584e-07
3.01333	1.17359e-07
3.02667	1.01565e-07
3.04	8.78849e-08
3.05333	7.60521e-08
3.06667	6.58307e-08
3.08	5.70088e-08
3.09333	4.93893e-08
3.10667	4.28238e-08
3.12	3.71539e-08
3.13333	3.22596e-08
3.14667	2.80199e-08
3.16	2.43504e-08
3.17333	2.11715e-08
3.18667	1.84091e-08
3.2	1.60084e-08
3.21333	1.39215e-08
3.22667	1.20941e-08
3.24	1.05029e-08
3.25333	9.10743e-09
3.26667	7.88332e-09
3.28	6.81066e-09
3.29333	5.87351e-09
3.30667	5.05154e-09
3.32	4.33505e-09
3.33333	3.70614e-09
3.34667	3.15909e-09
3.36	2.68191e-09
3.37333	2.26979e-09
3.38667	1.91325e-09
3.4	1.60591e-09
3.41333	1.34145e-09
3.42667	1.11771e-09
3.44	9.25036e-10
3.45333	7.63694e-10
3.46667	6.26651e-10
3.48	5.12082e-10
3.49333	4.15639e-10
3.50667	3.37128e-10
3.52	2.69888e-10
3.53333	2.16482e-10
3.54667	1.72024e-10
3.56	1.36473e-10
3.57333	1.07177e-10
3.58667	8.43032e-11
3.6	6.51444e-11
3.61333	5.07717e-11
3.62667	3.92109e-11
3.64	3.00525e-11
3.65333	2.28678e-11
3.66667	1.73391e-11
3.68	1.29091e-11
3.69333	9.66123e-12
3.70667	7.22218e-12
3.72	5.33777e-12
3.73333	4.03078e-12
3.74667	3.05436e-12
3.76	2.23006e-12
3.77333	1.65066e-12
3.78667	1.21606e-12
3.8	8.71236e-13
3.81333	6.32742e-13
3.82667	4.55135e-13
3.84	3.03456e-13
3.85333	2.17289e-13
3.86667	1.6416e-13
3.88	1.06598e-13
3.89333	7.53694e-14
3.90667	5.48226e-14
3.92	3.49278e-14
3.93333	2.66314e-14
3.94667	2.13847e-14
3.96	1.58595e-14
3.97333	1.15881e-14
3.98667	1.14855e-14
