-4	6.53974e-14
-3.98667	6.33037e-14
-3.97333	8.59158e-14
-3.96	8.37622e-14
-3.94667	1.13318e-13
-3.93333	1.13675e-13
-3.92	1.48402e-13
-3.90667	1.50908e-13
-3.89333	1.92334e-13
-3.88	1.93852e-13
-3.86667	2.42213e-13
-3.85333	2.39978e-13
-3.84	2.88035e-13
-3.82667	2.80942e-13
-3.81333	3.24433e-13
-3.8	3.076e-13
-3.78667	3.45731e-13
-3.77333	3.13571e-13
-3.76	3.42499e-13
-3.74667	3.06975e-13
-3.73333	3.22984e-13
-3.72	2.90948e-13
-3.70667	3.06437e-13
-3.69333	2.81742e-13
-3.68	3.03573e-13
-3.66667	3.02466e-13
-3.65333	3.29069e-13
-3.64	3.54278e-13
-3.62667	3.90251e-13
-3.61333	4.35534e-13
-3.6	4.76059e-13
-3.58667	5.27842e-13
-3.57333	5.67174e-13
-3.56	6.11798e-13
-3.54667	6.43717e-13
-3.53333	6.82622e-13
-3.52	7.10531e-13
-3.50667	7.38201e-13
-3.49333	7.78443e-13
-3.48	8.02044e-13
-3.46667	8.55027e-13
-3.45333	8.80022e-13
-3.44	9.34233e-13
-3.42667	9.44768e-13
-3.41333	9.74377e-13
-3.4	9.50264e-13
-3.38667	9.34789e-13
-3.37333	8.69591e-13
-3.36	8.48921e-13
-3.34667	8.38261e-13
-3.33333	9.97682e-13
-3.32	1.34749e-12
-3.30667	2.19628e-12
-3.29333	3.65684e-12
-3.28	6.34637e-12
-3.26667	1.05603e-11
-3.25333	1.74082e-11
-3.24	2.76644e-11
-3.22667	4.3143e-11
-3.21333	6.55438e-11
-3.2	9.78035e-11
-3.18667	1.43245e-10
-3.17333	2.06578e-10
-3.16	2.94099e-10
-3.14667	4.13472e-10
-3.13333	5.76091e-10
-3.12	7.95217e-10
-3.10667	1.09104e-09
-3.09333	1.48714e-09
-3.08	2.01844e-09
-3.06667	2.72761e-09
-3.05333	3.67461e-09
-3.04	4.93581e-09
-3.02667	6.61479e-09
-3.01333	8.84559e-09
-3	1.18066e-08
-2.98667	1.57304e-08
-2.97333	2.09232e-08
-2.96	2.77811e-08
-2.94667	3.68238e-08
-2.93333	4.87139e-08
-2.92	6.43206e-08
-2.90667	8.47309e-08
-2.89333	1.11374e-07
-2.88	1.46005e-07
-2.86667	1.90929e-07
-2.85333	2.48952e-07
-2.84	3.23733e-07
-2.82667	4.19707e-07
-2.81333	5.42587e-07
-2.8	6.9931e-07
-2.78667	8.98668e-07
-2.77333	1.15137e-06
-2.76	1.47079e-06
-2.74667	1.87324e-06
-2.73333	2.37884e-06
-2.72	3.01219e-06
-2.70667	3.80326e-06
-2.69333	4.78866e-06
-2.68	6.01271e-06
-2.66667	7.52915e-06
-2.65333	9.40279e-06
-2.64	1.17116e-05
-2.62667	1.45493e-05
-2.61333	1.80277e-05
-2.6	2.22807e-05
-2.58667	2.7467e-05
-2.57333	3.37756e-05
-2.56	4.14289e-05
-2.54667	5.06901e-05
-2.53333	6.18673e-05
-2.52	7.53225e-05
-2.50667	9.14773e-05
-2.49333	0.000110823
-2.48	0.000133931
-2.46667	0.000161461
-2.45333	0.000194173
-2.44	0.000232946
-2.42667	0.00027878
-2.41333	0.000332826
-2.4	0.000396392
-2.38667	0.000470967
-2.37333	0.000558236
-2.36	0.000660109
-2.34667	0.000778729
-2.33333	0.000916513
-2.32	0.00107616
-2.30667	0.0012607
-2.29333	0.00147349
-2.28	0.00171827
-2.26667	0.00199917
-2.25333	0.00232077
-2.24	0.00268809
-2.22667	0.00310665
-2.21333	0.00358247
-2.2	0.00412215
-2.18667	0.00473281
-2.17333	0.00542221
-2.16	0.00619869
-2.14667	0.00707127
-2.13333	0.00804957
-2.12	0.00914391
-2.10667	0.0103653
-2.09333	0.0117253
-2.08	0.0132363
-2.06667	0.0149112
-2.05333	0.0167637
-2.04	0.0188081
-2.02667	0.0210591
-2.01333	0.023532
-2	0.0262429
-1.98667	0.0292081
-1.97333	0.0324442
-1.96	0.0359684
-1.94667	0.0397979
-1.93333	0.0439501
-1.92	0.0484426
-1.90667	0.0532928
-1.89333	0.058518
-1.88	0.0641351
-1.86667	0.0701607
-1.85333	0.0766108
-1.84	0.0835008
-1.82667	0.0908449
-1.81333	0.0986568
-1.8	0.106949
-1.78667	0.115731
-1.77333	0.125014
-1.76	0.134806
-1.74667	0.145112
-1.73333	0.155936
-1.72	0.167281
-1.70667	0.179146
-1.69333	0.19153
-1.68	0.204427
-1.66667	0.21783
-1.65333	0.231729
-1.64	0.246113
-1.62667	0.260965
-1.61333	0.276268
-1.6	0.292002
-1.58667	0.308144
-1.57333	0.324667
-1.56	0.341544
-1.54667	0.358745
-1.53333	0.376235
-1.52	0.39398
-1.50667	0.411943
-1.49333	0.430083
-1.48	0.448361
-1.46667	0.466732
-1.45333	0.485153
-1.44	0.503578
-1.42667	0.521961
-1.41333	0.540255
-1.4	0.55841
-1.38667	0.57638
-1.37333	0.594114
-1.36	0.611566
-1.34667	0.628688
-1.33333	0.64543
-1.32	0.661749
-1.30667	0.677597
-1.29333	0.692931
-1.28	0.707709
-1.26667	0.72189
-1.25333	0.735436
-1.24	0.74831
-1.22667	0.760479
-1.21333	0.771911
-1.2	0.782579
-1.18667	0.792456
-1.17333	0.801521
-1.16	0.809755
-1.14667	0.81714
-1.13333	0.823664
-1.12	0.829318
-1.10667	0.834095
-1.09333	0.837992
-1.08	0.841008
-1.06667	0.843147
-1.05333	0.844414
-1.04	0.844818
-1.02667	0.84437
-1.01333	0.843085
-1	0.840978
-0.986667	0.838068
-0.973333	0.834377
-0.96	0.829928
-0.946667	0.824744
-0.933333	0.818852
-0.92	0.81228
-0.906667	0.805058
-0.893333	0.797216
-0.88	0.788786
-0.866667	0.779799
-0.853333	0.77029
-0.84	0.760291
-0.826667	0.749837
-0.813333	0.738963
-0.8	0.727704
-0.786667	0.716093
-0.773333	0.704167
-0.76	0.691958
-0.746667	0.679502
-0.733333	0.666831
-0.72	0.653979
-0.706667	0.640977
-0.693333	0.627856
-0.68	0.614647
-0.666667	0.601379
-0.653333	0.58808
-0.64	0.574776
-0.626667	0.561493
-0.613333	0.548254
-0.6	0.535082
-0.586667	0.521999
-0.573333	0.509023
-0.56	0.496174
-0.546667	0.483467
-0.533333	0.470918
-0.52	0.458541
-0.506667	0.44635
-0.493333	0.434354
-0.48	0.422564
-0.466667	0.410989
-0.453333	0.399636
-0.44	0.388513
-0.426667	0.377624
-0.413333	0.366976
-0.4	0.356571
-0.386667	0.346412
-0.373333	0.336502
-0.36	0.326843
-0.346667	0.317435
-0.333333	0.308278
-0.32	0.299373
-0.306667	0.290718
-0.293333	0.282313
-0.28	0.274154
-0.266667	0.266241
-0.253333	0.258569
-0.24	0.251137
-0.226667	0.243941
-0.213333	0.236976
-0.2	0.230238
-0.186667	0.223724
-0.173333	0.217428
-0.16	0.211344
-0.146667	0.205468
-0.133333	0.199794
-0.12	0.194316
-0.106667	0.189028
-0.0933333	0.183925
-0.08	0.178999
-0.0666667	0.174246
-0.0533333	0.169658
-0.04	0.16523
-0.0266667	0.160955
-0.0133333	0.156828
0	0.152842
0.0133333	0.148992
0.0266667	0.145273
0.04	0.141679
0.0533333	0.138204
0.0666667	0.134845
0.08	0.131597
0.0933333	0.128454
0.106667	0.125414
0.12	0.122471
0.133333	0.119623
0.146667	0.116866
0.16	0.114197
0.173333	0.111612
0.186667	0.109108
0.2	0.106683
0.213333	0.104335
0.226667	0.102059
0.24	0.0998529
0.253333	0.0977148
0.266667	0.0956415
0.28	0.09363
0.293333	0.0916777
0.306667	0.0897814
0.32	0.0879381
0.333333	0.0861449
0.346667	0.0843984
0.36	0.0826955
0.373333	0.0810329
0.386667	0.0794074
0.4	0.0778158
0.413333	0.0762548
0.426667	0.0747215
0.44	0.0732128
0.453333	0.0717259
0.466667	0.0702584
0.48	0.0688077
0.493333	0.0673718
0.506667	0.0659489
0.52	0.0645374
0.533333	0.0631362
0.546667	0.0617443
0.56	0.0603614
0.573333	0.0589871
0.586667	0.0576215
0.6	0.0562651
0.613333	0.0549185
0.626667	0.0535826
0.64	0.0522585
0.653333	0.0509475
0.666667	0.049651
0.68	0.0483705
0.693333	0.0471075
0.706667	0.0458636
0.72	0.0446404
0.733333	0.0434392
0.746667	0.0422616
0.76	0.0411088
0.773333	0.039982
0.786667	0.0388824
0.8	0.0378109
0.813333	0.0367683
0.826667	0.0357553
0.84	0.0347727
0.853333	0.0338209
0.866667	0.0329003
0.88	0.0320115
0.893333	0.0311548
0.906667	0.0303304
0.92	0.0295389
0.933333	0.0287803
0.946667	0.0280552
0.96	0.0273638
0.973333	0.0267065
0.986667	0.0260836
1	0.0254953
1.01333	0.0249418
1.02667	0.0244235
1.04	0.0239403
1.05333	0.0234922
1.06667	0.023079
1.08	0.0227004
1.09333	0.0223557
1.10667	0.0220442
1.12	0.0217649
1.13333	0.0215164
1.14667	0.0212972
1.16	0.0211055
1.17333	0.0209392
1.18667	0.020796
1.2	0.0206734
1.21333	0.0205686
1.22667	0.0204788
1.24	0.0204011
1.25333	0.0203322
1.26667	0.0202693
1.28	0.0202092
1.29333	0.0201489
1.30667	0.0200857
1.32	0.0200169
1.33333	0.0199399
1.34667	0.0198527
1.36	0.0197533
1.37333	0.0196402
1.38667	0.0195119
1.4	0.0193677
1.41333	0.0192069
1.42667	0.0190292
1.44	0.0188347
1.45333	0.0186238
1.46667	0.0183971
1.48	0.0181556
1.49333	0.0179002
1.50667	0.0176324
1.52	0.0173535
1.53333	0.0170651
1.54667	0.0167687
1.56	0.0164661
1.57333	0.0161588
1.58667	0.0158484
1.6	0.0155366
1.61333	0.0152246
1.62667	0.0149139
1.64	0.0146058
1.65333	0.0143011
1.66667	0.014001
1.68	0.0137062
1.69333	0.0134174
1.70667	0.013135
1.72	0.0128595
1.73333	0.012591
1.74667	0.0123296
1.76	0.0120753
1.77333	0.011828
1.78667	0.0115873
1.8	0.0113531
1.81333	0.0111248
1.82667	0.010902
1.84	0.0106841
1.85333	0.0104706
1.86667	0.0102607
1.88	0.0100539
1.89333	0.0098495
1.90667	0.00964673
1.92	0.00944495
1.93333	0.00924348
1.94667	0.00904167
1.96	0.00883891
1.97333	0.00863462
1.98667	0.00842828
2	0.00821943
2.01333	0.00800767
2.02667	0.0077927
2.04	0.00757427
2.05333	0.00735227
2.06667	0.00712662
2.08	0.00689738
2.09333	0.00666469
2.10667	0.00642879
2.12	0.00618999
2.13333	0.00594872
2.14667	0.00570547
2.16	0.00546081
2.17333	0.00521536
2.18667	0.00496981
2.2	0.00472489
2.21333	0.00448136
2.22667	0.00423999
2.24	0.00400155
2.25333	0.00376683
2.26667	0.00353657
2.28	0.0033115
2.29333	0.0030923
2.30667	0.00287961
2.32	0.00267399
2.33333	0.00247596
2.34667	0.00228596
2.36	0.00210436
2.37333	0.00193144
2.38667	0.00176743
2.4	0.00161245
2.41333	0.00146658
2.42667	0.0013298
2.44	0.00120204
2.45333	0.00108316
2.46667	0.000972978
2.48	0.00087124
2.49333	0.000777662
2.50667	0.000691916
2.52	0.000613649
2.53333	0.00054248
2.54667	0.000478013
2.56	0.000419836
2.57333	0.000367537
2.58667	0.000320699
2.6	0.00027891
2.61333	0.000241767
2.62667	0.000208877
2.64	0.000179864
2.65333	0.000154365
2.66667	0.000132039
2.68	0.000112565
2.69333	9.56421e-05
2.70667	8.09902e-05
2.72	6.8352e-05
2.73333	5.74915e-05
2.74667	4.8193e-05
2.76	4.02616e-05
2.77333	3.35214e-05
2.78667	2.78146e-05
2.8	2.30008e-05
2.81333	1.89552e-05
2.82667	1.55676e-05
2.84	1.27417e-05
2.85333	1.03928e-05
2.86667	8.44794e-06
2.88	6.8432e-06
2.89333	5.52427e-06
2.90667	4.44405e-06
2.92	3.56267e-06
2.93333	2.84614e-06
2.94667	2.26585e-06
2.96	1.79755e-06
2.97333	1.42109e-06
2.98667	1.11951e-06
3	8.78883e-07
3.01333	6.87495e-07
3.02667	5.35927e-07
3.04	4.16287e-07
3.05333	3.22211e-07
3.06667	2.48517e-07
3.08	1.91002e-07
3.09333	1.46267e-07
3.10667	1.11616e-07
3.12	8.48661e-08
3.13333	6.43011e-08
3.14667	4.85403e-08
3.16	3.6513e-08
3.17333	2.73687e-08
3.18667	2.04357e-08
3.2	1.52065e-08
3.21333	1.12752e-08
3.22667	8.32728e-09
3.24	6.12976e-09
3.25333	4.49564e-09
3.26667	3.28333e-09
3.28	2.39049e-09
3.29333	1.73339e-09
3.30667	1.25278e-09
3.32	9.021e-10
3.33333	6.47451e-10
3.34667	4.62658e-10
3.36	3.29449e-10
3.37333	2.33438e-10
3.38667	1.65184e-10
3.4	1.16098e-10
3.41333	8.14985e-11
3.42667	5.70329e-11
3.44	3.95871e-11
3.45333	2.74643e-11
3.46667	1.89984e-11
3.48	1.30308e-11
3.49333	8.92708e-12
3.50667	6.16606e-12
3.52	4.12354e-12
3.53333	2.83076e-12
3.54667	1.9047e-12
3.56	1.27979e-12
3.57333	8.58505e-13
3.58667	5.91109e-13
3.6	3.75141e-13
3.61333	2.55485e-13
3.62667	1.70085e-13
3.64	1.0764e-13
3.65333	7.37246e-14
3.66667	4.91942e-14
3.68	2.91065e-14
3.69333	1.89896e-14
3.70667	1.31512e-14
3.72	7.21913e-15
3.73333	5.8064e-15
3.74667	4.55981e-15
3.76	2.16503e-15
3.77333	1.35591e-15
3.78667	8.14575e-16
3.8	2.2289e-16
3.81333	2.10077e-16
3.82667	4.21599e-16
3.84	6.60019e-17
3.85333	8.89907e-17
3.86667	1.38736e-16
3.88	3.42993e-17
3.89333	4.27757e-17
3.90667	1.11499e-16
3.92	4.31106e-17
3.93333	4.89984e-18
3.94667	1.12068e-16
3.96	6.66614e-18
3.97333	9.98721e-17
3.98667	2.82733e-17
