-4	7.48898e-15
-3.98667	9.13312e-15
-3.97333	1.35602e-14
-3.96	1.7222e-14
-3.94667	2.3011e-14
-3.93333	2.87293e-14
-3.92	4.05912e-14
-3.90667	5.09601e-14
-3.89333	7.10547e-14
-3.88	8.75036e-14
-3.86667	1.19873e-13
-3.85333	1.509e-13
-3.84	1.95262e-13
-3.82667	2.45621e-13
-3.81333	3.20351e-13
-3.8	4.01326e-13
-3.78667	5.1776e-13
-3.77333	6.48424e-13
-3.76	8.17582e-13
-3.74667	1.03602e-12
-3.73333	1.32765e-12
-3.72	1.66226e-12
-3.70667	2.14125e-12
-3.69333	2.72718e-12
-3.68	3.50644e-12
-3.66667	4.49582e-12
-3.65333	5.80371e-12
-3.64	7.42795e-12
-3.62667	9.65091e-12
-3.61333	1.24811e-11
-3.6	1.61797e-11
-3.58667	2.10359e-11
-3.57333	2.73835e-11
-3.56	3.54758e-11
-3.54667	4.6043e-11
-3.53333	5.94866e-11
-3.52	7.68129e-11
-3.50667	9.90919e-11
-3.49333	1.27708e-10
-3.48	1.63914e-10
-3.46667	2.10476e-10
-3.45333	2.6931e-10
-3.44	3.44145e-10
-3.42667	4.38424e-10
-3.41333	5.57537e-10
-3.4	7.0669e-10
-3.38667	8.94455e-10
-3.37333	1.12888e-09
-3.36	1.42236e-09
-3.34667	1.78758e-09
-3.33333	2.24431e-09
-3.32	2.81196e-09
-3.30667	3.51914e-09
-3.29333	4.39712e-09
-3.28	5.49e-09
-3.26667	6.84351e-09
-3.25333	8.52828e-09
-3.24	1.0612e-08
-3.22667	1.31972e-08
-3.21333	1.63912e-08
-3.2	2.03462e-08
-3.18667	2.52188e-08
-3.17333	3.12334e-08
-3.16	3.86196e-08
-3.14667	4.76998e-08
-3.13333	5.88091e-08
-3.12	7.24086e-08
-3.10667	8.89813e-08
-3.09333	1.09166e-07
-3.08	1.33666e-07
-3.06667	1.63368e-07
-3.05333	1.99246e-07
-3.04	2.4253e-07
-3.02667	2.94569e-07
-3.01333	3.57033e-07
-3	4.31785e-07
-2.98667	5.21086e-07
-2.97333	6.27459e-07
-2.96	7.5393e-07
-2.94667	9.03919e-07
-2.93333	1.08147e-06
-2.92	1.2911e-06
-2.90667	1.53821e-06
-2.89333	1.82873e-06
-2.88	2.16973e-06
-2.86667	2.56905e-06
-2.85333	3.03584e-06
-2.84	3.5803e-06
-2.82667	4.21421e-06
-2.81333	4.95081e-06
-2.8	5.8052e-06
-2.78667	6.7942e-06
-2.77333	7.93705e-06
-2.76	9.25506e-06
-2.74667	1.07724e-05
-2.73333	1.2516e-05
-2.72	1.45159e-05
-2.70667	1.68055e-05
-2.69333	1.94222e-05
-2.68	2.2407e-05
-2.66667	2.58059e-05
-2.65333	2.96689e-05
-2.64	3.40519e-05
-2.62667	3.9015e-05
-2.61333	4.46255e-05
-2.6	5.09553e-05
-2.58667	5.80843e-05
-2.57333	6.60975e-05
-2.56	7.50884e-05
-2.54667	8.51566e-05
-2.53333	9.64101e-05
-2.52	0.000108963
-2.50667	0.000122938
-2.49333	0.000138465
-2.48	0.00015568
-2.46667	0.000174725
-2.45333	0.000195752
-2.44	0.000218914
-2.42667	0.000244369
-2.41333	0.00027228
-2.4	0.000302809
-2.38667	0.000336119
-2.37333	0.000372372
-2.36	0.000411723
-2.34667	0.000454322
-2.33333	0.000500307
-2.32	0.000549805
-2.30667	0.000602925
-2.29333	0.000659757
-2.28	0.00072037
-2.26667	0.000784804
-2.25333	0.000853069
-2.24	0.000925143
-2.22667	0.00100097
-2.21333	0.00108044
-2.2	0.00116342
-2.18667	0.00124974
-2.17333	0.00133915
-2.16	0.00143139
-2.14667	0.00152613
-2.13333	0.00162304
-2.12	0.00172169
-2.10667	0.00182166
-2.09333	0.00192249
-2.08	0.00202367
-2.06667	0.00212471
-2.05333	0.00222509
-2.04	0.00232428
-2.02667	0.00242179
-2.01333	0.00251713
-2	0.00260984
-1.98667	0.00269954
-1.97333	0.00278587
-1.96	0.00286855
-1.94667	0.00294742
-1.93333	0.00302237
-1.92	0.00309343
-1.90667	0.00316073
-1.89333	0.00322455
-1.88	0.0032853
-1.86667	0.00334353
-1.85333	0.00339994
-1.84	0.0034554
-1.82667	0.00351092
-1.81333	0.00356766
-1.8	0.00362696
-1.78667	0.00369029
-1.77333	0.00375926
-1.76	0.00383564
-1.74667	0.00392129
-1.73333	0.00401822
-1.72	0.0041285
-1.70667	0.00425433
-1.69333	0.00439795
-1.68	0.00456166
-1.66667	0.0047478
-1.65333	0.00495871
-1.64	0.00519672
-1.62667	0.00546417
-1.61333	0.00576332
-1.6	0.00609636
-1.58667	0.0064654
-1.57333	0.00687244
-1.56	0.00731935
-1.54667	0.00780783
-1.53333	0.00833943
-1.52	0.0089155
-1.50667	0.00953718
-1.49333	0.0102054
-1.48	0.0109208
-1.46667	0.0116839
-1.45333	0.0124948
-1.44	0.0133534
-1.42667	0.0142593
-1.41333	0.015212
-1.4	0.0162104
-1.38667	0.0172533
-1.37333	0.0183392
-1.36	0.0194663
-1.34667	0.0206327
-1.33333	0.021836
-1.32	0.0230737
-1.30667	0.024343
-1.29333	0.025641
-1.28	0.0269645
-1.26667	0.0283102
-1.25333	0.0296747
-1.24	0.0310544
-1.22667	0.0324457
-1.21333	0.0338448
-1.2	0.0352481
-1.18667	0.0366517
-1.17333	0.0380521
-1.16	0.0394454
-1.14667	0.0408282
-1.13333	0.0421969
-1.12	0.0435481
-1.10667	0.0448788
-1.09333	0.0461857
-1.08	0.0474662
-1.06667	0.0487175
-1.05333	0.0499372
-1.04	0.0511232
-1.02667	0.0522735
-1.01333	0.0533863
-1	0.0544604
-0.986667	0.0554945
-0.973333	0.0564876
-0.96	0.0574391
-0.946667	0.0583487
-0.933333	0.0592162
-0.92	0.0600416
-0.906667	0.0608254
-0.893333	0.0615681
-0.88	0.0622705
-0.866667	0.0629337
-0.853333	0.0635589
-0.84	0.0641476
-0.826667	0.0647014
-0.813333	0.0652223
-0.8	0.0657121
-0.786667	0.0661733
-0.773333	0.0666081
-0.76	0.0670191
-0.746667	0.0674092
-0.733333	0.0677811
-0.72	0.068138
-0.706667	0.0684831
-0.693333	0.0688197
-0.68	0.0691513
-0.666667	0.0694815
-0.653333	0.0698141
-0.64	0.0701529
-0.626667	0.0705019
-0.613333	0.0708651
-0.6	0.0712466
-0.586667	0.0716507
-0.573333	0.0720816
-0.56	0.0725434
-0.546667	0.0730406
-0.533333	0.0735772
-0.52	0.0741576
-0.506667	0.0747859
-0.493333	0.0754663
-0.48	0.0762027
-0.466667	0.076999
-0.453333	0.0778591
-0.44	0.0787865
-0.426667	0.0797848
-0.413333	0.0808571
-0.4	0.0820065
-0.386667	0.083236
-0.373333	0.0845482
-0.36	0.0859454
-0.346667	0.08743
-0.333333	0.0890037
-0.32	0.0906684
-0.306667	0.0924255
-0.293333	0.0942761
-0.28	0.0962214
-0.266667	0.0982621
-0.253333	0.100399
-0.24	0.102632
-0.226667	0.104962
-0.213333	0.107388
-0.2	0.109912
-0.186667	0.112532
-0.173333	0.115248
-0.16	0.118061
-0.146667	0.120969
-0.133333	0.123973
-0.12	0.127074
-0.106667	0.130269
-0.0933333	0.133561
-0.08	0.136948
-0.0666667	0.140431
-0.0533333	0.144012
-0.04	0.14769
-0.0266667	0.151468
-0.0133333	0.155346
0	0.159326
0.0133333	0.163411
0.0266667	0.167602
0.04	0.171903
0.0533333	0.176317
0.0666667	0.180847
0.08	0.185498
0.0933333	0.190274
0.106667	0.195179
0.12	0.200219
0.133333	0.205399
0.146667	0.210724
0.16	0.216201
0.173333	0.221837
0.186667	0.227637
0.2	0.233609
0.213333	0.239759
0.226667	0.246094
0.24	0.252621
0.253333	0.259348
0.266667	0.266281
0.28	0.273427
0.293333	0.280793
0.306667	0.288386
0.32	0.29621
0.333333	0.304273
0.346667	0.312578
0.36	0.321132
0.373333	0.329937
0.386667	0.338997
0.4	0.348314
0.413333	0.35789
0.426667	0.367727
0.44	0.377822
0.453333	0.388176
0.466667	0.398784
0.48	0.409644
0.493333	0.42075
0.506667	0.432096
0.52	0.443673
0.533333	0.455471
0.546667	0.46748
0.56	0.479687
0.573333	0.492078
0.586667	0.504635
0.6	0.517343
0.613333	0.53018
0.626667	0.543126
0.64	0.556159
0.653333	0.569253
0.666667	0.582382
0.68	0.595519
0.693333	0.608635
0.706667	0.621699
0.72	0.634678
0.733333	0.64754
0.746667	0.660251
0.76	0.672774
0.773333	0.685074
0.786667	0.697113
0.8	0.708855
0.813333	0.720261
0.826667	0.731293
0.84	0.741914
0.853333	0.752085
0.866667	0.76177
0.88	0.77093
0.893333	0.779531
0.906667	0.787536
0.92	0.794913
0.933333	0.801629
0.946667	0.807653
0.96	0.812955
0.973333	0.817509
0.986667	0.821289
1	0.824274
1.01333	0.826442
1.02667	0.827776
1.04	0.828261
1.05333	0.827884
1.06667	0.826638
1.08	0.824515
1.09333	0.821513
1.10667	0.817631
1.12	0.812873
1.13333	0.807246
1.14667	0.800758
1.16	0.793423
1.17333	0.785257
1.18667	0.776279
1.2	0.76651
1.21333	0.755977
1.22667	0.744706
1.24	0.732728
1.25333	0.720076
1.26667	0.706785
1.28	0.692893
1.29333	0.678439
1.30667	0.663464
1.32	0.64801
1.33333	0.632123
1.34667	0.615846
1.36	0.599227
1.37333	0.58231
1.38667	0.565144
1.4	0.547774
1.41333	0.530248
1.42667	0.512612
1.44	0.494912
1.45333	0.477192
1.46667	0.459495
1.48	0.441866
1.49333	0.424343
1.50667	0.406967
1.52	0.389775
1.53333	0.372803
1.54667	0.356083
1.56	0.339648
1.57333	0.323526
1.58667	0.307743
1.6	0.292325
1.61333	0.277292
1.62667	0.262665
1.64	0.24846
1.65333	0.234691
1.66667	0.221372
1.68	0.208512
1.69333	0.196118
1.70667	0.184196
1.72	0.172749
1.73333	0.16178
1.74667	0.151286
1.76	0.141267
1.77333	0.131718
1.78667	0.122633
1.8	0.114006
1.81333	0.105828
1.82667	0.0980898
1.84	0.0907814
1.85333	0.083891
1.86667	0.0774063
1.88	0.0713146
1.89333	0.0656021
1.90667	0.060255
1.92	0.0552587
1.93333	0.0505988
1.94667	0.0462602
1.96	0.0422282
1.97333	0.0384877
1.98667	0.0350239
2	0.0318221
2.01333	0.0288678
2.02667	0.0261468
2.04	0.023645
2.05333	0.021349
2.06667	0.0192456
2.08	0.0173221
2.09333	0.0155661
2.10667	0.0139661
2.12	0.0125107
2.13333	0.0111892
2.14667	0.00999142
2.16	0.00890769
2.17333	0.00792887
2.18667	0.00704636
2.2	0.00625209
2.21333	0.00553849
2.22667	0.00489849
2.24	0.00432549
2.25333	0.00381337
2.26667	0.00335647
2.28	0.00294953
2.29333	0.00258772
2.30667	0.00226659
2.32	0.00198206
2.33333	0.0017304
2.34667	0.00150818
2.36	0.00131232
2.37333	0.00113997
2.38667	0.000988584
2.4	0.000855836
2.41333	0.000739634
2.42667	0.000638094
2.44	0.000549521
2.45333	0.000472394
2.46667	0.000405354
2.48	0.000347183
2.49333	0.0002968
2.50667	0.00025324
2.52	0.000215648
2.53333	0.000183267
2.54667	0.000155426
2.56	0.000131534
2.57333	0.000111071
2.58667	9.35801e-05
2.6	7.86596e-05
2.61333	6.59577e-05
2.62667	5.51684e-05
2.64	4.60232e-05
2.65333	3.82898e-05
2.66667	3.17654e-05
2.68	2.62748e-05
2.69333	2.16659e-05
2.70667	1.78075e-05
2.72	1.45863e-05
2.73333	1.19053e-05
2.74667	9.68046e-06
2.76	7.84042e-06
2.77333	6.32362e-06
2.78667	5.07805e-06
2.8	4.05893e-06
2.81333	3.22862e-06
2.82667	2.55494e-06
2.84	2.0109e-06
2.85333	1.57362e-06
2.86667	1.22401e-06
2.88	9.45994e-07
2.89333	7.26242e-07
2.90667	5.53568e-07
2.92	4.18841e-07
2.93333	3.14414e-07
2.94667	2.3411e-07
2.96	1.72834e-07
2.97333	1.26486e-07
2.98667	9.17468e-08
3	6.59638e-08
3.01333	4.7034e-08
3.02667	3.32884e-08
3.04	2.34234e-08
3.05333	1.64371e-08
3.06667	1.15488e-08
3.08	8.17646e-09
3.09333	5.8764e-09
3.10667	4.32628e-09
3.12	3.28691e-09
3.13333	2.59011e-09
3.14667	2.11784e-09
3.16	1.78877e-09
3.17333	1.54763e-09
3.18667	1.36092e-09
3.2	1.20585e-09
3.21333	1.07028e-09
3.22667	9.47237e-10
3.24	8.33483e-10
3.25333	7.28367e-10
3.26667	6.30759e-10
3.28	5.42433e-10
3.29333	4.62983e-10
3.30667	3.92159e-10
3.32	3.30337e-10
3.33333	2.76908e-10
3.34667	2.31003e-10
3.36	1.9256e-10
3.37333	1.60365e-10
3.38667	1.33328e-10
3.4	1.11257e-10
3.41333	9.28786e-11
3.42667	7.7866e-11
3.44	6.53798e-11
3.45333	5.5198e-11
3.46667	4.65127e-11
3.48	3.95067e-11
3.49333	3.33906e-11
3.50667	2.83613e-11
3.52	2.39561e-11
3.53333	2.03082e-11
3.54667	1.70769e-11
3.56	1.43571e-11
3.57333	1.19528e-11
3.58667	9.96206e-12
3.6	8.22971e-12
3.61333	6.77764e-12
3.62667	5.51119e-12
3.64	4.43788e-12
3.65333	3.53204e-12
3.66667	2.82124e-12
3.68	2.2139e-12
3.69333	1.75922e-12
3.70667	1.38374e-12
3.72	1.09409e-12
3.73333	8.45422e-13
3.74667	6.62484e-13
3.76	4.93841e-13
3.77333	3.80295e-13
3.78667	2.84393e-13
3.8	2.1112e-13
3.81333	1.5171e-13
3.82667	1.13407e-13
3.84	7.91812e-14
3.85333	5.86601e-14
3.86667	4.04772e-14
3.88	2.74145e-14
3.89333	1.79208e-14
3.90667	1.34562e-14
3.92	8.1938e-15
3.93333	6.64702e-15
3.94667	4.09176e-15
3.96	3.19178e-15
3.97333	1.91393e-15
3.98667	1.50275e-15
