-4	7.19669e-13
-3.98667	9.93571e-13
-3.97333	1.37767e-12
-3.96	1.65667e-12
-3.94667	2.27071e-12
-3.93333	3.10675e-12
-3.92	3.85117e-12
-3.90667	5.21217e-12
-3.89333	7.0026e-12
-3.88	8.88905e-12
-3.86667	1.17514e-11
-3.85333	1.56146e-11
-3.84	1.97312e-11
-3.82667	2.5882e-11
-3.81333	3.35242e-11
-3.8	4.24006e-11
-3.78667	5.41378e-11
-3.77333	6.93353e-11
-3.76	8.60977e-11
-3.74667	1.08564e-10
-3.73333	1.35079e-10
-3.72	1.66179e-10
-3.70667	2.0357e-10
-3.69333	2.49277e-10
-3.68	2.98621e-10
-3.66667	3.59508e-10
-3.65333	4.27113e-10
-3.64	5.03315e-10
-3.62667	5.87476e-10
-3.61333	6.83587e-10
-3.6	7.82372e-10
-3.58667	8.93774e-10
-3.57333	1.00858e-09
-3.56	1.12973e-09
-3.54667	1.25181e-09
-3.53333	1.37989e-09
-3.52	1.5026e-09
-3.50667	1.62567e-09
-3.49333	1.74223e-09
-3.48	1.85357e-09
-3.46667	1.95327e-09
-3.45333	2.04391e-09
-3.44	2.12417e-09
-3.42667	2.1863e-09
-3.41333	2.24017e-09
-3.4	2.27861e-09
-3.38667	2.30695e-09
-3.37333	2.32073e-09
-3.36	2.33805e-09
-3.34667	2.34263e-09
-3.33333	2.35964e-09
-3.32	2.38042e-09
-3.30667	2.42147e-09
-3.29333	2.47775e-09
-3.28	2.56259e-09
-3.26667	2.67483e-09
-3.25333	2.8088e-09
-3.24	2.9688e-09
-3.22667	3.13973e-09
-3.21333	3.32115e-09
-3.2	3.4843e-09
-3.18667	3.63962e-09
-3.17333	3.74641e-09
-3.16	3.81318e-09
-3.14667	3.80835e-09
-3.13333	3.73778e-09
-3.12	3.57566e-09
-3.10667	3.32501e-09
-3.09333	2.98416e-09
-3.08	2.55603e-09
-3.06667	2.06326e-09
-3.05333	1.53997e-09
-3.04	1.04629e-09
-3.02667	6.65785e-10
-3.01333	5.29588e-10
-3	8.06235e-10
-2.98667	1.73698e-09
-2.97333	3.63503e-09
-2.96	6.92979e-09
-2.94667	1.21621e-08
-2.93333	2.00769e-08
-2.92	3.15696e-08
-2.90667	4.78398e-08
-2.89333	7.03306e-08
-2.88	1.00901e-07
-2.86667	1.4178e-07
-2.85333	1.95763e-07
-2.84	2.66309e-07
-2.82667	3.57546e-07
-2.81333	4.74643e-07
-2.8	6.2374e-07
-2.78667	8.12354e-07
-2.77333	1.04945e-06
-2.76	1.34581e-06
-2.74667	1.71467e-06
-2.73333	2.17139e-06
-2.72	2.73539e-06
-2.70667	3.42911e-06
-2.69333	4.28084e-06
-2.68	5.32336e-06
-2.66667	6.59757e-06
-2.65333	8.15164e-06
-2.64	1.00442e-05
-2.62667	1.23459e-05
-2.61333	1.51414e-05
-2.6	1.85335e-05
-2.58667	2.26438e-05
-2.57333	2.76204e-05
-2.56	3.36366e-05
-2.54667	4.09013e-05
-2.53333	4.96591e-05
-2.52	6.02015e-05
-2.50667	7.287e-05
-2.49333	8.80655e-05
-2.48	0.000106258
-2.46667	0.000127993
-2.45333	0.000153903
-2.44	0.000184718
-2.42667	0.000221277
-2.41333	0.000264545
-2.4	0.000315621
-2.38667	0.000375757
-2.37333	0.000446372
-2.36	0.000529068
-2.34667	0.000625647
-2.33333	0.000738124
-2.32	0.000868765
-2.30667	0.00102007
-2.29333	0.00119486
-2.28	0.0013962
-2.26667	0.00162752
-2.25333	0.00189257
-2.24	0.00219549
-2.22667	0.00254078
-2.21333	0.00293338
-2.2	0.00337868
-2.18667	0.00388249
-2.17333	0.00445116
-2.16	0.0050915
-2.14667	0.00581087
-2.13333	0.0066172
-2.12	0.00751898
-2.10667	0.00852531
-2.09333	0.00964584
-2.08	0.0108909
-2.06667	0.0122713
-2.05333	0.0137987
-2.04	0.0154852
-2.02667	0.0173436
-2.01333	0.0193871
-2	0.0216296
-1.98667	0.0240856
-1.97333	0.0267698
-1.96	0.0296975
-1.94667	0.0328844
-1.93333	0.0363464
-1.92	0.0400993
-1.90667	0.0441595
-1.89333	0.0485431
-1.88	0.0532659
-1.86667	0.0583437
-1.85333	0.0637917
-1.84	0.0696246
-1.82667	0.0758565
-1.81333	0.0825007
-1.8	0.0895693
-1.78667	0.0970736
-1.77333	0.105023
-1.76	0.113427
-1.74667	0.122292
-1.73333	0.131623
-1.72	0.141424
-1.70667	0.151697
-1.69333	0.162442
-1.68	0.173656
-1.66667	0.185336
-1.65333	0.197475
-1.64	0.210066
-1.62667	0.223097
-1.61333	0.236558
-1.6	0.250432
-1.58667	0.264704
-1.57333	0.279356
-1.56	0.294366
-1.54667	0.309713
-1.53333	0.325372
-1.52	0.341318
-1.50667	0.357524
-1.49333	0.373959
-1.48	0.390595
-1.46667	0.407398
-1.45333	0.424335
-1.44	0.441372
-1.42667	0.458473
-1.41333	0.475601
-1.4	0.492718
-1.38667	0.509786
-1.37333	0.526766
-1.36	0.543617
-1.34667	0.5603
-1.33333	0.576773
-1.32	0.592996
-1.30667	0.608928
-1.29333	0.624528
-1.28	0.639756
-1.26667	0.654572
-1.25333	0.668938
-1.24	0.682815
-1.22667	0.696166
-1.21333	0.708955
-1.2	0.72115
-1.18667	0.732718
-1.17333	0.743629
-1.16	0.753855
-1.14667	0.763372
-1.13333	0.772155
-1.12	0.780187
-1.10667	0.787448
-1.09333	0.793926
-1.08	0.799609
-1.06667	0.80449
-1.05333	0.808564
-1.04	0.811829
-1.02667	0.814287
-1.01333	0.815942
-1	0.816802
-0.986667	0.816877
-0.973333	0.816179
-0.96	0.814725
-0.946667	0.812532
-0.933333	0.80962
-0.92	0.806009
-0.906667	0.801724
-0.893333	0.796789
-0.88	0.79123
-0.866667	0.785073
-0.853333	0.778346
-0.84	0.771078
-0.826667	0.763295
-0.813333	0.755027
-0.8	0.746302
-0.786667	0.737148
-0.773333	0.727594
-0.76	0.717666
-0.746667	0.707392
-0.733333	0.696799
-0.72	0.685913
-0.706667	0.674758
-0.693333	0.663361
-0.68	0.651744
-0.666667	0.639932
-0.653333	0.627948
-0.64	0.615815
-0.626667	0.603554
-0.613333	0.591187
-0.6	0.578735
-0.586667	0.566219
-0.573333	0.553659
-0.56	0.541076
-0.546667	0.52849
-0.533333	0.515918
-0.52	0.503381
-0.506667	0.490898
-0.493333	0.478485
-0.48	0.466163
-0.466667	0.453947
-0.453333	0.441854
-0.44	0.429902
-0.426667	0.418104
-0.413333	0.406478
-0.4	0.395035
-0.386667	0.383791
-0.373333	0.372757
-0.36	0.361944
-0.346667	0.351363
-0.333333	0.341023
-0.32	0.330932
-0.306667	0.321097
-0.293333	0.311523
-0.28	0.302215
-0.266667	0.293176
-0.253333	0.284408
-0.24	0.275912
-0.226667	0.267686
-0.213333	0.25973
-0.2	0.252041
-0.186667	0.244614
-0.173333	0.237445
-0.16	0.230529
-0.146667	0.223858
-0.133333	0.217426
-0.12	0.211225
-0.106667	0.205247
-0.0933333	0.199482
-0.08	0.193923
-0.0666667	0.188559
-0.0533333	0.183382
-0.04	0.178381
-0.0266667	0.173548
-0.0133333	0.168874
0	0.16435
0.0133333	0.159966
0.0266667	0.155715
0.04	0.151589
0.0533333	0.147581
0.0666667	0.143683
0.08	0.139889
0.0933333	0.136193
0.106667	0.13259
0.12	0.129075
0.133333	0.125644
0.146667	0.122294
0.16	0.11902
0.173333	0.115821
0.186667	0.112694
0.2	0.109637
0.213333	0.10665
0.226667	0.10373
0.24	0.100878
0.253333	0.0980932
0.266667	0.095375
0.28	0.0927236
0.293333	0.0901392
0.306667	0.0876221
0.32	0.0851726
0.333333	0.082791
0.346667	0.0804776
0.36	0.0782327
0.373333	0.0760565
0.386667	0.073949
0.4	0.07191
0.413333	0.0699394
0.426667	0.0680366
0.44	0.0662011
0.453333	0.0644321
0.466667	0.0627285
0.48	0.0610892
0.493333	0.0595127
0.506667	0.0579976
0.52	0.0565423
0.533333	0.0551449
0.546667	0.0538037
0.56	0.0525167
0.573333	0.0512823
0.586667	0.0500985
0.6	0.0489637
0.613333	0.0478763
0.626667	0.0468348
0.64	0.0458381
0.653333	0.0448854
0.666667	0.0439761
0.68	0.0431099
0.693333	0.042287
0.706667	0.041508
0.72	0.0407739
0.733333	0.0400861
0.746667	0.0394465
0.76	0.0388574
0.773333	0.0383215
0.786667	0.0378419
0.8	0.0374219
0.813333	0.0370652
0.826667	0.0367758
0.84	0.0365577
0.853333	0.036415
0.866667	0.0363517
0.88	0.0363716
0.893333	0.0364785
0.906667	0.0366755
0.92	0.0369655
0.933333	0.0373507
0.946667	0.0378325
0.96	0.0384116
0.973333	0.0390878
0.986667	0.0398599
1	0.0407254
1.01333	0.041681
1.02667	0.0427219
1.04	0.0438424
1.05333	0.0450352
1.06667	0.0462921
1.08	0.0476035
1.09333	0.0489587
1.10667	0.050346
1.12	0.0517528
1.13333	0.0531654
1.14667	0.0545696
1.16	0.0559507
1.17333	0.0572934
1.18667	0.0585824
1.2	0.0598023
1.21333	0.0609379
1.22667	0.0619744
1.24	0.0628978
1.25333	0.0636944
1.26667	0.0643521
1.28	0.0648596
1.29333	0.065207
1.30667	0.065386
1.32	0.0653898
1.33333	0.0652135
1.34667	0.0648539
1.36	0.0643095
1.37333	0.063581
1.38667	0.0626707
1.4	0.0615831
1.41333	0.0603242
1.42667	0.0589018
1.44	0.0573253
1.45333	0.0556056
1.46667	0.0537551
1.48	0.0517869
1.49333	0.0497154
1.50667	0.0475558
1.52	0.0453237
1.53333	0.043035
1.54667	0.0407059
1.56	0.0383524
1.57333	0.0359905
1.58667	0.0336354
1.6	0.0313018
1.61333	0.0290038
1.62667	0.0267542
1.64	0.0245651
1.65333	0.0224473
1.66667	0.0204102
1.68	0.0184621
1.69333	0.0166101
1.70667	0.0148595
1.72	0.0132147
1.73333	0.0116786
1.74667	0.0102529
1.76	0.00893793
1.77333	0.00773309
1.78667	0.00663662
1.8	0.00564587
1.81333	0.0047573
1.82667	0.0039667
1.84	0.00326921
1.85333	0.00265947
1.86667	0.00213176
1.88	0.00168006
1.89333	0.0012982
1.90667	0.000979905
1.92	0.000718937
1.93333	0.000509151
1.94667	0.000344583
1.96	0.000219492
1.97333	0.000128435
1.98667	6.62938e-05
2	2.83141e-05
2.01333	1.01261e-05
2.02667	7.76511e-06
2.04	1.76723e-05
2.05333	3.66929e-05
2.06667	6.20747e-05
2.08	9.14456e-05
2.09333	0.000122804
2.10667	0.000154488
2.12	0.00018516
2.13333	0.000213766
2.14667	0.00023952
2.16	0.000261867
2.17333	0.000280458
2.18667	0.000295113
2.2	0.000305798
2.21333	0.000312609
2.22667	0.000315727
2.24	0.000315418
2.25333	0.000311988
2.26667	0.000305793
2.28	0.000297194
2.29333	0.000286572
2.30667	0.000274295
2.32	0.000260729
2.33333	0.000246206
2.34667	0.000231041
2.36	0.000215516
2.37333	0.000199887
2.38667	0.000184371
2.4	0.000169157
2.41333	0.000154405
2.42667	0.000140238
2.44	0.000126755
2.45333	0.00011403
2.46667	0.000102112
2.48	9.10286e-05
2.49333	8.07897e-05
2.50667	7.13943e-05
2.52	6.28235e-05
2.53333	5.5052e-05
2.54667	4.80437e-05
2.56	4.17584e-05
2.57333	3.61501e-05
2.58667	3.11705e-05
2.6	2.67734e-05
2.61333	2.29071e-05
2.62667	1.95247e-05
2.64	1.65777e-05
2.65333	1.40234e-05
2.66667	1.1818e-05
2.68	9.92275e-06
2.69333	8.30105e-06
2.70667	6.91889e-06
2.72	5.74579e-06
2.73333	4.75442e-06
2.74667	3.91999e-06
2.76	3.22035e-06
2.77333	2.63576e-06
2.78667	2.1499e-06
2.8	1.7473e-06
2.81333	1.4151e-06
2.82667	1.14215e-06
2.84	9.18449e-07
2.85333	7.3601e-07
2.86667	5.876e-07
2.88	4.67681e-07
2.89333	3.70851e-07
2.90667	2.93025e-07
2.92	2.30761e-07
2.93333	1.81064e-07
2.94667	1.41562e-07
2.96	1.10313e-07
2.97333	8.56425e-08
2.98667	6.62667e-08
3	5.10865e-08
3.01333	3.92791e-08
3.02667	3.00895e-08
3.04	2.29326e-08
3.05333	1.74502e-08
3.06667	1.32085e-08
3.08	9.9757e-09
3.09333	7.50728e-09
3.10667	5.62681e-09
3.12	4.19753e-09
3.13333	3.12612e-09
3.14667	2.3221e-09
3.16	1.72124e-09
3.17333	1.26492e-09
3.18667	9.30047e-10
3.2	6.80081e-10
3.21333	4.92718e-10
3.22667	3.60515e-10
3.24	2.59669e-10
3.25333	1.8717e-10
3.26667	1.35952e-10
3.28	9.76579e-11
3.29333	6.87716e-11
3.30667	4.88148e-11
3.32	3.40399e-11
3.33333	2.43333e-11
3.34667	1.73903e-11
3.36	1.22405e-11
3.37333	8.52719e-12
3.38667	5.74074e-12
3.4	4.1128e-12
3.41333	2.90374e-12
3.42667	1.84232e-12
3.44	1.33505e-12
3.45333	8.98175e-13
3.46667	5.76252e-13
3.48	4.2113e-13
3.49333	2.93408e-13
3.50667	1.34782e-13
3.52	1.59574e-13
3.53333	9.02093e-14
3.54667	3.84536e-14
3.56	3.37003e-14
3.57333	2.1925e-14
3.58667	1.70626e-14
3.6	2.37453e-14
3.61333	1.20758e-14
3.62667	3.79338e-16
3.64	1.12114e-14
3.65333	3.9307e-15
3.66667	3.07073e-15
3.68	4.01928e-15
3.69333	2.42836e-15
3.70667	9.86329e-16
3.72	7.87518e-16
3.73333	9.59727e-16
3.74667	3.08574e-15
3.76	9.14073e-15
3.77333	3.2802e-15
3.78667	4.01367e-15
3.8	1.53203e-15
3.81333	1.10698e-15
3.82667	1.72498e-15
3.84	1.05125e-15
3.85333	6.48887e-16
3.86667	6.17164e-15
3.88	1.35146e-15
3.89333	7.01218e-16
3.90667	5.90423e-17
3.92	5.46564e-16
3.93333	1.00672e-15
3.94667	4.03008e-16
3.96	9.09128e-16
3.97333	7.2629e-16
3.98667	2.40884e-15
