-4	1.89586e-15
-3.98667	3.16032e-15
-3.97333	4.57326e-15
-3.96	5.65548e-15
-3.94667	8.30749e-15
-3.93333	1.11e-14
-3.92	1.52515e-14
-3.90667	2.09812e-14
-3.89333	2.89544e-14
-3.88	3.77331e-14
-3.86667	5.14694e-14
-3.85333	6.76356e-14
-3.84	8.70104e-14
-3.82667	1.16201e-13
-3.81333	1.52567e-13
-3.8	1.99066e-13
-3.78667	2.56786e-13
-3.77333	3.33361e-13
-3.76	4.26005e-13
-3.74667	5.53612e-13
-3.73333	7.05384e-13
-3.72	8.96878e-13
-3.70667	1.12919e-12
-3.69333	1.42863e-12
-3.68	1.77801e-12
-3.66667	2.22081e-12
-3.65333	2.73065e-12
-3.64	3.36876e-12
-3.62667	4.0964e-12
-3.61333	5.00364e-12
-3.6	6.01692e-12
-3.58667	7.27496e-12
-3.57333	8.67255e-12
-3.56	1.03486e-11
-3.54667	1.21417e-11
-3.53333	1.4242e-11
-3.52	1.64766e-11
-3.50667	1.90466e-11
-3.49333	2.1735e-11
-3.48	2.47042e-11
-3.46667	2.77112e-11
-3.45333	3.09315e-11
-3.44	3.40696e-11
-3.42667	3.72295e-11
-3.41333	4.0065e-11
-3.4	4.2658e-11
-3.38667	4.45926e-11
-3.37333	4.59006e-11
-3.36	4.61056e-11
-3.34667	4.52844e-11
-3.33333	4.30034e-11
-3.32	3.94462e-11
-3.30667	3.43458e-11
-3.29333	2.82139e-11
-3.28	2.14391e-11
-3.26667	1.53569e-11
-3.25333	1.16737e-11
-3.24	1.34544e-11
-3.22667	2.51015e-11
-3.21333	5.32136e-11
-3.2	1.07273e-10
-3.18667	2.00544e-10
-3.17333	3.51769e-10
-3.16	5.86188e-10
-3.14667	9.38628e-10
-3.13333	1.45473e-09
-3.12	2.19649e-09
-3.10667	3.2431e-09
-3.09333	4.6995e-09
-3.08	6.69808e-09
-3.06667	9.41153e-09
-3.05333	1.30538e-08
-3.04	1.78994e-08
-3.02667	2.4281e-08
-3.01333	3.26186e-08
-3	4.3415e-08
-2.98667	5.7296e-08
-2.97333	7.49982e-08
-2.96	9.74191e-08
-2.94667	1.25604e-07
-2.93333	1.60805e-07
-2.92	2.0446e-07
-2.90667	2.58263e-07
-2.89333	3.24128e-07
-2.88	4.04275e-07
-2.86667	5.01174e-07
-2.85333	6.1765e-07
-2.84	7.56785e-07
-2.82667	9.22044e-07
-2.81333	1.11715e-06
-2.8	1.34622e-06
-2.78667	1.61359e-06
-2.77333	1.92397e-06
-2.76	2.28222e-06
-2.74667	2.69351e-06
-2.73333	3.16309e-06
-2.72	3.69648e-06
-2.70667	4.29914e-06
-2.69333	4.97671e-06
-2.68	5.73469e-06
-2.66667	6.57877e-06
-2.65333	7.5145e-06
-2.64	8.5477e-06
-2.62667	9.68428e-06
-2.61333	1.09308e-05
-2.6	1.22944e-05
-2.58667	1.37838e-05
-2.57333	1.54094e-05
-2.56	1.71848e-05
-2.54667	1.9127e-05
-2.53333	2.12593e-05
-2.52	2.36118e-05
-2.50667	2.62249e-05
-2.49333	2.91511e-05
-2.48	3.24597e-05
-2.46667	3.62398e-05
-2.45333	4.06064e-05
-2.44	4.57053e-05
-2.42667	5.17212e-05
-2.41333	5.88843e-05
-2.4	6.74809e-05
-2.38667	7.78623e-05
-2.37333	9.04581e-05
-2.36	0.000105788
-2.34667	0.000124477
-2.33333	0.000147273
-2.32	0.000175063
-2.30667	0.000208889
-2.29333	0.000249975
-2.28	0.000299746
-2.26667	0.000359851
-2.25333	0.000432183
-2.24	0.000518915
-2.22667	0.000622513
-2.21333	0.000745773
-2.2	0.000891839
-2.18667	0.00106423
-2.17333	0.00126688
-2.16	0.00150414
-2.14667	0.00178081
-2.13333	0.00210215
-2.12	0.00247393
-2.10667	0.00290241
-2.09333	0.00339437
-2.08	0.0039571
-2.06667	0.00459843
-2.05333	0.0053267
-2.04	0.00615077
-2.02667	0.00708003
-2.01333	0.00812431
-2	0.00929394
-1.98667	0.0105997
-1.97333	0.0120526
-1.96	0.0136643
-1.94667	0.0154465
-1.93333	0.0174113
-1.92	0.0195708
-1.90667	0.0219375
-1.89333	0.0245236
-1.88	0.0273415
-1.86667	0.0304035
-1.85333	0.0337214
-1.84	0.037307
-1.82667	0.0411716
-1.81333	0.045326
-1.8	0.0497803
-1.78667	0.054544
-1.77333	0.0596257
-1.76	0.0650334
-1.74667	0.0707737
-1.73333	0.0768523
-1.72	0.0832737
-1.70667	0.0900411
-1.69333	0.0971563
-1.68	0.10462
-1.66667	0.112431
-1.65333	0.120586
-1.64	0.129081
-1.62667	0.13791
-1.61333	0.147066
-1.6	0.156539
-1.58667	0.166318
-1.57333	0.17639
-1.56	0.18674
-1.54667	0.197352
-1.53333	0.208208
-1.52	0.219289
-1.50667	0.230573
-1.49333	0.242037
-1.48	0.253657
-1.46667	0.265409
-1.45333	0.277265
-1.44	0.289198
-1.42667	0.30118
-1.41333	0.313181
-1.4	0.325171
-1.38667	0.33712
-1.37333	0.348997
-1.36	0.360772
-1.34667	0.372413
-1.33333	0.383891
-1.32	0.395174
-1.30667	0.406234
-1.29333	0.417041
-1.28	0.427568
-1.26667	0.437787
-1.25333	0.447672
-1.24	0.4572
-1.22667	0.466348
-1.21333	0.475093
-1.2	0.483417
-1.18667	0.491301
-1.17333	0.498731
-1.16	0.505691
-1.14667	0.51217
-1.13333	0.518158
-1.12	0.523647
-1.10667	0.528633
-1.09333	0.53311
-1.08	0.537077
-1.06667	0.540535
-1.05333	0.543486
-1.04	0.545934
-1.02667	0.547885
-1.01333	0.549347
-1	0.550329
-0.986667	0.550842
-0.973333	0.550898
-0.96	0.55051
-0.946667	0.549692
-0.933333	0.54846
-0.92	0.54683
-0.906667	0.544819
-0.893333	0.542445
-0.88	0.539725
-0.866667	0.536678
-0.853333	0.533323
-0.84	0.529677
-0.826667	0.525761
-0.813333	0.521591
-0.8	0.517187
-0.786667	0.512567
-0.773333	0.507748
-0.76	0.502749
-0.746667	0.497585
-0.733333	0.492273
-0.72	0.486829
-0.706667	0.481269
-0.693333	0.475606
-0.68	0.469856
-0.666667	0.464031
-0.653333	0.458144
-0.64	0.452207
-0.626667	0.446232
-0.613333	0.440228
-0.6	0.434207
-0.586667	0.428177
-0.573333	0.422147
-0.56	0.416125
-0.546667	0.410119
-0.533333	0.404135
-0.52	0.39818
-0.506667	0.392259
-0.493333	0.386377
-0.48	0.380539
-0.466667	0.374749
-0.453333	0.369011
-0.44	0.363328
-0.426667	0.357703
-0.413333	0.352139
-0.4	0.346637
-0.386667	0.341199
-0.373333	0.335827
-0.36	0.330522
-0.346667	0.325286
-0.333333	0.320119
-0.32	0.315022
-0.306667	0.309996
-0.293333	0.305042
-0.28	0.300159
-0.266667	0.295349
-0.253333	0.290612
-0.24	0.285949
-0.226667	0.28136
-0.213333	0.276846
-0.2	0.272409
-0.186667	0.268048
-0.173333	0.263766
-0.16	0.259563
-0.146667	0.25544
-0.133333	0.2514
-0.12	0.247443
-0.106667	0.243572
-0.0933333	0.239788
-0.08	0.236094
-0.0666667	0.232491
-0.0533333	0.228982
-0.04	0.225568
-0.0266667	0.222253
-0.0133333	0.219037
0	0.215925
0.0133333	0.212918
0.0266667	0.210018
0.04	0.207227
0.0533333	0.204548
0.0666667	0.201983
0.08	0.199533
0.0933333	0.1972
0.106667	0.194986
0.12	0.192892
0.133333	0.19092
0.146667	0.189071
0.16	0.187345
0.173333	0.185743
0.186667	0.184266
0.2	0.182915
0.213333	0.181688
0.226667	0.180587
0.24	0.179611
0.253333	0.178759
0.266667	0.178032
0.28	0.177428
0.293333	0.176947
0.306667	0.176589
0.32	0.176351
0.333333	0.176234
0.346667	0.176237
0.36	0.176357
0.373333	0.176595
0.386667	0.176949
0.4	0.177419
0.413333	0.178002
0.426667	0.178699
0.44	0.179509
0.453333	0.18043
0.466667	0.181462
0.48	0.182603
0.493333	0.183854
0.506667	0.185213
0.52	0.186679
0.533333	0.188252
0.546667	0.189931
0.56	0.191714
0.573333	0.1936
0.586667	0.195589
0.6	0.197678
0.613333	0.199866
0.626667	0.20215
0.64	0.204528
0.653333	0.206997
0.666667	0.209554
0.68	0.212195
0.693333	0.214916
0.706667	0.21771
0.72	0.220573
0.733333	0.223498
0.746667	0.226478
0.76	0.229505
0.773333	0.23257
0.786667	0.235663
0.8	0.238774
0.813333	0.241892
0.826667	0.245003
0.84	0.248096
0.853333	0.251156
0.866667	0.254168
0.88	0.257118
0.893333	0.259989
0.906667	0.262764
0.92	0.265426
0.933333	0.267958
0.946667	0.270342
0.96	0.27256
0.973333	0.274593
0.986667	0.276424
1	0.278035
1.01333	0.279409
1.02667	0.280529
1.04	0.281378
1.05333	0.281942
1.06667	0.282206
1.08	0.282158
1.09333	0.281785
1.10667	0.281077
1.12	0.280026
1.13333	0.278625
1.14667	0.276869
1.16	0.274755
1.17333	0.272281
1.18667	0.269449
1.2	0.266262
1.21333	0.262724
1.22667	0.258843
1.24	0.254628
1.25333	0.250091
1.26667	0.245245
1.28	0.240104
1.29333	0.234686
1.30667	0.229009
1.32	0.223093
1.33333	0.216959
1.34667	0.210629
1.36	0.204127
1.37333	0.197476
1.38667	0.1907
1.4	0.183826
1.41333	0.176877
1.42667	0.169878
1.44	0.162854
1.45333	0.155829
1.46667	0.148826
1.48	0.141869
1.49333	0.134977
1.50667	0.128174
1.52	0.121477
1.53333	0.114904
1.54667	0.108473
1.56	0.102199
1.57333	0.0960954
1.58667	0.090174
1.6	0.0844456
1.61333	0.0789192
1.62667	0.0736022
1.64	0.0685006
1.65333	0.0636186
1.66667	0.0589594
1.68	0.0545246
1.69333	0.0503143
1.70667	0.0463279
1.72	0.0425632
1.73333	0.0390171
1.74667	0.0356858
1.76	0.0325643
1.77333	0.0296471
1.78667	0.026928
1.8	0.0244
1.81333	0.0220561
1.82667	0.0198885
1.84	0.0178893
1.85333	0.0160503
1.86667	0.0143634
1.88	0.01282
1.89333	0.011412
1.90667	0.010131
1.92	0.00896879
1.93333	0.0079174
1.94667	0.00696901
1.96	0.00611603
1.97333	0.00535116
1.98667	0.00466735
2	0.00405792
2.01333	0.00351647
2.02667	0.00303697
2.04	0.0026137
2.05333	0.00224134
2.06667	0.00191488
2.08	0.00162966
2.09333	0.00138137
2.10667	0.00116604
2.12	0.000980003
2.13333	0.000819904
2.14667	0.000682693
2.16	0.000565595
2.17333	0.000466102
2.18667	0.000381957
2.2	0.000311134
2.21333	0.000251828
2.22667	0.000202431
2.24	0.000161521
2.25333	0.000127848
2.26667	0.000100312
2.28	7.79549e-05
2.29333	5.99436e-05
2.30667	4.55583e-05
2.32	3.4179e-05
2.33333	2.5276e-05
2.34667	1.83976e-05
2.36	1.31618e-05
2.37333	9.2468e-06
2.38667	6.38375e-06
2.4	4.34884e-06
2.41333	2.95753e-06
2.42667	2.05852e-06
2.44	1.52896e-06
2.45333	1.26989e-06
2.46667	1.20246e-06
2.48	1.26457e-06
2.49333	1.40799e-06
2.50667	1.5959e-06
2.52	1.80077e-06
2.53333	2.00261e-06
2.54667	2.18743e-06
2.56	2.34601e-06
2.57333	2.47285e-06
2.58667	2.56531e-06
2.6	2.62292e-06
2.61333	2.64678e-06
2.62667	2.63908e-06
2.64	2.60282e-06
2.65333	2.54139e-06
2.66667	2.45849e-06
2.68	2.35777e-06
2.69333	2.24292e-06
2.70667	2.11736e-06
2.72	1.98434e-06
2.73333	1.84675e-06
2.74667	1.70724e-06
2.76	1.56806e-06
2.77333	1.43119e-06
2.78667	1.29825e-06
2.8	1.1706e-06
2.81333	1.04924e-06
2.82667	9.34988e-07
2.84	8.28337e-07
2.85333	7.2965e-07
2.86667	6.39034e-07
2.88	5.56495e-07
2.89333	4.81843e-07
2.90667	4.14833e-07
2.92	3.55091e-07
2.93333	3.02212e-07
2.94667	2.55711e-07
2.96	2.15113e-07
2.97333	1.79889e-07
2.98667	1.49551e-07
3	1.23582e-07
3.01333	1.01513e-07
3.02667	8.28723e-08
3.04	6.72421e-08
3.05333	5.4219e-08
3.06667	4.34474e-08
3.08	3.45923e-08
3.09333	2.7369e-08
3.10667	2.15117e-08
3.12	1.68011e-08
3.13333	1.30359e-08
3.14667	1.00512e-08
3.16	7.69905e-09
3.17333	5.86147e-09
3.18667	4.43412e-09
3.2	3.33573e-09
3.21333	2.4945e-09
3.22667	1.8572e-09
3.24	1.3763e-09
3.25333	1.01733e-09
3.26667	7.50272e-10
3.28	5.53515e-10
3.29333	4.08675e-10
3.30667	3.03401e-10
3.32	2.2657e-10
3.33333	1.71099e-10
3.34667	1.30612e-10
3.36	1.01323e-10
3.37333	7.96757e-11
3.38667	6.38527e-11
3.4	5.17736e-11
3.41333	4.26841e-11
3.42667	3.54198e-11
3.44	2.97581e-11
3.45333	2.50046e-11
3.46667	2.11481e-11
3.48	1.78108e-11
3.49333	1.50518e-11
3.50667	1.26114e-11
3.52	1.05673e-11
3.53333	8.76712e-12
3.54667	7.25288e-12
3.56	5.96314e-12
3.57333	4.88078e-12
3.58667	3.9447e-12
3.6	3.17627e-12
3.61333	2.5346e-12
3.62667	2.01297e-12
3.64	1.59349e-12
3.65333	1.25575e-12
3.66667	9.7567e-13
3.68	7.58539e-13
3.69333	5.79062e-13
3.70667	4.36191e-13
3.72	3.2503e-13
3.73333	2.42356e-13
3.74667	1.78093e-13
3.76	1.31054e-13
3.77333	9.48781e-14
3.78667	6.75852e-14
3.8	4.86252e-14
3.81333	3.50776e-14
3.82667	2.46594e-14
3.84	1.68606e-14
3.85333	1.16279e-14
3.86667	8.15562e-15
3.88	5.51661e-15
3.89333	3.988e-15
3.90667	2.59726e-15
3.92	1.71907e-15
3.93333	1.03765e-15
3.94667	6.92479e-16
3.96	2.95958e-16
3.97333	2.16158e-16
3.98667	1.66358e-16
