-4	8.50944e-16
-3.98667	9.28636e-16
-3.97333	1.22402e-15
-3.96	1.5003e-15
-3.94667	2.05599e-15
-3.93333	2.9104e-15
-3.92	3.54657e-15
-3.90667	4.76726e-15
-3.89333	6.25704e-15
-3.88	8.08099e-15
-3.86667	1.02203e-14
-3.85333	1.36043e-14
-3.84	1.81196e-14
-3.82667	2.35235e-14
-3.81333	3.08022e-14
-3.8	3.93379e-14
-3.78667	5.1571e-14
-3.77333	6.71264e-14
-3.76	8.93052e-14
-3.74667	1.14457e-13
-3.73333	1.49836e-13
-3.72	1.9605e-13
-3.70667	2.60004e-13
-3.69333	3.40755e-13
-3.68	4.52138e-13
-3.66667	5.91623e-13
-3.65333	7.80406e-13
-3.64	1.02381e-12
-3.62667	1.35026e-12
-3.61333	1.76209e-12
-3.6	2.32148e-12
-3.58667	3.02947e-12
-3.57333	3.95293e-12
-3.56	5.08931e-12
-3.54667	6.56328e-12
-3.53333	8.35212e-12
-3.52	1.0641e-11
-3.50667	1.34198e-11
-3.49333	1.68568e-11
-3.48	2.09546e-11
-3.46667	2.60149e-11
-3.45333	3.19804e-11
-3.44	3.91666e-11
-3.42667	4.76321e-11
-3.41333	5.76129e-11
-3.4	6.9225e-11
-3.38667	8.27707e-11
-3.37333	9.82956e-11
-3.36	1.1603e-10
-3.34667	1.36171e-10
-3.33333	1.58869e-10
-3.32	1.84196e-10
-3.30667	2.12136e-10
-3.29333	2.42811e-10
-3.28	2.76021e-10
-3.26667	3.11634e-10
-3.25333	3.49493e-10
-3.24	3.88731e-10
-3.22667	4.28778e-10
-3.21333	4.68662e-10
-3.2	5.07281e-10
-3.18667	5.42908e-10
-3.17333	5.74117e-10
-3.16	5.98579e-10
-3.14667	6.14525e-10
-3.13333	6.19598e-10
-3.12	6.1277e-10
-3.10667	5.93117e-10
-3.09333	5.62131e-10
-3.08	5.24642e-10
-3.06667	4.89527e-10
-3.05333	4.73539e-10
-3.04	5.02528e-10
-3.02667	6.18341e-10
-3.01333	8.81063e-10
-3	1.38017e-09
-2.98667	2.24044e-09
-2.97333	3.63859e-09
-2.96	5.81419e-09
-2.94667	9.09527e-09
-2.93333	1.39188e-08
-2.92	2.08705e-08
-2.90667	3.07141e-08
-2.89333	4.44588e-08
-2.88	6.34029e-08
-2.86667	8.92342e-08
-2.85333	1.24103e-07
-2.84	1.70771e-07
-2.82667	2.32728e-07
-2.81333	3.1439e-07
-2.8	4.21307e-07
-2.78667	5.60446e-07
-2.77333	7.40483e-07
-2.76	9.72221e-07
-2.74667	1.26902e-06
-2.73333	1.6474e-06
-2.72	2.12764e-06
-2.70667	2.73465e-06
-2.69333	3.49884e-06
-2.68	4.45732e-06
-2.66667	5.65507e-06
-2.65333	7.14669e-06
-2.64	8.99798e-06
-2.62667	1.12883e-05
-2.61333	1.41129e-05
-2.6	1.75859e-05
-2.58667	2.18433e-05
-2.57333	2.70476e-05
-2.56	3.33914e-05
-2.54667	4.11032e-05
-2.53333	5.04527e-05
-2.52	6.17579e-05
-2.50667	7.53928e-05
-2.49333	9.17959e-05
-2.48	0.00011148
-2.46667	0.000135043
-2.45333	0.000163182
-2.44	0.000196703
-2.42667	0.000236543
-2.41333	0.000283782
-2.4	0.000339662
-2.38667	0.000405611
-2.37333	0.000483266
-2.36	0.000574493
-2.34667	0.000681421
-2.33333	0.000806465
-2.32	0.000952363
-2.30667	0.0011222
-2.29333	0.00131947
-2.28	0.00154806
-2.26667	0.00181235
-2.25333	0.00211721
-2.24	0.00246805
-2.22667	0.00287089
-2.21333	0.00333235
-2.2	0.00385972
-2.18667	0.00446103
-2.17333	0.005145
-2.16	0.00592117
-2.14667	0.00679986
-2.13333	0.00779223
-2.12	0.00891031
-2.10667	0.010167
-2.09333	0.011576
-2.08	0.0131519
-2.06667	0.0149102
-2.05333	0.0168673
-2.04	0.0190401
-2.02667	0.0214466
-2.01333	0.0241052
-2	0.0270351
-1.98667	0.0302559
-1.97333	0.0337877
-1.96	0.0376508
-1.94667	0.0418657
-1.93333	0.0464531
-1.92	0.0514333
-1.90667	0.0568265
-1.89333	0.0626523
-1.88	0.0689298
-1.86667	0.0756772
-1.85333	0.0829114
-1.84	0.0906485
-1.82667	0.0989028
-1.81333	0.107687
-1.8	0.117012
-1.78667	0.126887
-1.77333	0.137318
-1.76	0.14831
-1.74667	0.159864
-1.73333	0.171979
-1.72	0.184651
-1.70667	0.197874
-1.69333	0.211636
-1.68	0.225926
-1.66667	0.240726
-1.65333	0.256018
-1.64	0.271778
-1.62667	0.28798
-1.61333	0.304595
-1.6	0.32159
-1.58667	0.338931
-1.57333	0.356579
-1.56	0.374492
-1.54667	0.392628
-1.53333	0.410941
-1.52	0.429382
-1.50667	0.447902
-1.49333	0.466448
-1.48	0.484968
-1.46667	0.503407
-1.45333	0.521711
-1.44	0.539824
-1.42667	0.55769
-1.41333	0.575254
-1.4	0.592461
-1.38667	0.609256
-1.37333	0.625588
-1.36	0.641403
-1.34667	0.656653
-1.33333	0.671289
-1.32	0.685266
-1.30667	0.698541
-1.29333	0.711075
-1.28	0.72283
-1.26667	0.733773
-1.25333	0.743873
-1.24	0.753105
-1.22667	0.761445
-1.21333	0.768875
-1.2	0.775379
-1.18667	0.780946
-1.17333	0.785568
-1.16	0.789243
-1.14667	0.791971
-1.13333	0.793756
-1.12	0.794606
-1.10667	0.794532
-1.09333	0.793549
-1.08	0.791675
-1.06667	0.788932
-1.05333	0.785343
-1.04	0.780936
-1.02667	0.775738
-1.01333	0.769782
-1	0.7631
-0.986667	0.755728
-0.973333	0.747702
-0.96	0.73906
-0.946667	0.72984
-0.933333	0.720082
-0.92	0.709826
-0.906667	0.699112
-0.893333	0.687981
-0.88	0.676473
-0.866667	0.664628
-0.853333	0.652486
-0.84	0.640085
-0.826667	0.627463
-0.813333	0.614659
-0.8	0.601706
-0.786667	0.588641
-0.773333	0.575497
-0.76	0.562306
-0.746667	0.549097
-0.733333	0.535901
-0.72	0.522745
-0.706667	0.509653
-0.693333	0.49665
-0.68	0.48376
-0.666667	0.471001
-0.653333	0.458393
-0.64	0.445953
-0.626667	0.433698
-0.613333	0.421641
-0.6	0.409795
-0.586667	0.39817
-0.573333	0.386777
-0.56	0.375624
-0.546667	0.364718
-0.533333	0.354063
-0.52	0.343666
-0.506667	0.333529
-0.493333	0.323655
-0.48	0.314046
-0.466667	0.304701
-0.453333	0.29562
-0.44	0.286804
-0.426667	0.278249
-0.413333	0.269955
-0.4	0.261917
-0.386667	0.254133
-0.373333	0.2466
-0.36	0.239313
-0.346667	0.232269
-0.333333	0.225462
-0.32	0.218889
-0.306667	0.212544
-0.293333	0.206423
-0.28	0.20052
-0.266667	0.194832
-0.253333	0.189353
-0.24	0.184078
-0.226667	0.179003
-0.213333	0.174122
-0.2	0.169433
-0.186667	0.164929
-0.173333	0.160607
-0.16	0.156463
-0.146667	0.152494
-0.133333	0.148694
-0.12	0.145062
-0.106667	0.141593
-0.0933333	0.138284
-0.08	0.135133
-0.0666667	0.132136
-0.0533333	0.129292
-0.04	0.126596
-0.0266667	0.124049
-0.0133333	0.121646
0	0.119386
0.0133333	0.117268
0.0266667	0.115289
0.04	0.113447
0.0533333	0.111742
0.0666667	0.110171
0.08	0.108733
0.0933333	0.107426
0.106667	0.106249
0.12	0.105201
0.133333	0.104279
0.146667	0.103483
0.16	0.10281
0.173333	0.102259
0.186667	0.101828
0.2	0.101515
0.213333	0.101318
0.226667	0.101235
0.24	0.101262
0.253333	0.101399
0.266667	0.101641
0.28	0.101986
0.293333	0.10243
0.306667	0.102971
0.32	0.103604
0.333333	0.104326
0.346667	0.105132
0.36	0.106018
0.373333	0.10698
0.386667	0.108012
0.4	0.10911
0.413333	0.110268
0.426667	0.111481
0.44	0.112744
0.453333	0.11405
0.466667	0.115394
0.48	0.116771
0.493333	0.118173
0.506667	0.119594
0.52	0.121029
0.533333	0.122471
0.546667	0.123914
0.56	0.125352
0.573333	0.126778
0.586667	0.128186
0.6	0.129569
0.613333	0.130922
0.626667	0.132239
0.64	0.133514
0.653333	0.13474
0.666667	0.135913
0.68	0.137026
0.693333	0.138074
0.706667	0.139052
0.72	0.139955
0.733333	0.140778
0.746667	0.141516
0.76	0.142165
0.773333	0.14272
0.786667	0.143178
0.8	0.143535
0.813333	0.143787
0.826667	0.143931
0.84	0.143964
0.853333	0.143884
0.866667	0.143688
0.88	0.143375
0.893333	0.142942
0.906667	0.14239
0.92	0.141717
0.933333	0.140923
0.946667	0.140008
0.96	0.138973
0.973333	0.137819
0.986667	0.136547
1	0.135159
1.01333	0.133658
1.02667	0.132047
1.04	0.130329
1.05333	0.128508
1.06667	0.126588
1.08	0.124574
1.09333	0.12247
1.10667	0.120282
1.12	0.118016
1.13333	0.115677
1.14667	0.113272
1.16	0.110807
1.17333	0.108288
1.18667	0.105722
1.2	0.103115
1.21333	0.100475
1.22667	0.0978076
1.24	0.0951195
1.25333	0.0924171
1.26667	0.0897069
1.28	0.0869949
1.29333	0.0842871
1.30667	0.0815891
1.32	0.0789063
1.33333	0.0762439
1.34667	0.0736066
1.36	0.0709989
1.37333	0.0684249
1.38667	0.0658885
1.4	0.0633931
1.41333	0.0609419
1.42667	0.0585376
1.44	0.0561827
1.45333	0.0538793
1.46667	0.0516291
1.48	0.0494338
1.49333	0.0472945
1.50667	0.0452122
1.52	0.0431876
1.53333	0.0412212
1.54667	0.0393133
1.56	0.0374638
1.57333	0.0356728
1.58667	0.0339399
1.6	0.0322648
1.61333	0.0306469
1.62667	0.0290856
1.64	0.0275803
1.65333	0.02613
1.66667	0.0247339
1.68	0.0233912
1.69333	0.0221008
1.70667	0.0208619
1.72	0.0196733
1.73333	0.018534
1.74667	0.0174431
1.76	0.0163994
1.77333	0.0154018
1.78667	0.0144493
1.8	0.0135407
1.81333	0.0126751
1.82667	0.0118513
1.84	0.0110681
1.85333	0.0103245
1.86667	0.00961936
1.88	0.00895153
1.89333	0.00831988
1.90667	0.00772326
1.92	0.0071605
1.93333	0.00663045
1.94667	0.00613192
1.96	0.00566374
1.97333	0.0052247
1.98667	0.00481362
2	0.00442931
2.01333	0.00407057
2.02667	0.00373622
2.04	0.00342507
2.05333	0.00313597
2.06667	0.00286775
2.08	0.00261929
2.09333	0.00238947
2.10667	0.00217722
2.12	0.00198147
2.13333	0.00180119
2.14667	0.00163541
2.16	0.00148316
2.17333	0.00134352
2.18667	0.00121563
2.2	0.00109864
2.21333	0.000991768
2.22667	0.000894252
2.24	0.000805385
2.25333	0.000724496
2.26667	0.000650957
2.28	0.000584179
2.29333	0.000523611
2.30667	0.00046874
2.32	0.000419088
2.33333	0.000374212
2.34667	0.000333701
2.36	0.000297174
2.37333	0.000264279
2.38667	0.000234693
2.4	0.000208118
2.41333	0.000184277
2.42667	0.00016292
2.44	0.000143813
2.45333	0.000126745
2.46667	0.00011152
2.48	9.79601e-05
2.49333	8.59026e-05
2.50667	7.51982e-05
2.52	6.57112e-05
2.53333	5.73175e-05
2.54667	4.99043e-05
2.56	4.3369e-05
2.57333	3.76184e-05
2.58667	3.2568e-05
2.6	2.81411e-05
2.61333	2.42685e-05
2.62667	2.08877e-05
2.64	1.79424e-05
2.65333	1.53818e-05
2.66667	1.31605e-05
2.68	1.12375e-05
2.69333	9.57654e-06
2.70667	8.145e-06
2.72	6.91392e-06
2.73333	5.85758e-06
2.74667	4.95317e-06
2.76	4.1806e-06
2.77333	3.52208e-06
2.78667	2.96202e-06
2.8	2.48673e-06
2.81333	2.08423e-06
2.82667	1.74409e-06
2.84	1.45725e-06
2.85333	1.21584e-06
2.86667	1.01306e-06
2.88	8.43034e-07
2.89333	7.00725e-07
2.90667	5.81821e-07
2.92	4.82615e-07
2.93333	3.99976e-07
2.94667	3.31221e-07
2.96	2.74095e-07
2.97333	2.26678e-07
2.98667	1.87365e-07
3	1.54792e-07
3.01333	1.27825e-07
3.02667	1.05512e-07
3.04	8.70594e-08
3.05333	7.18021e-08
3.06667	5.91929e-08
3.08	4.87707e-08
3.09333	4.016e-08
3.10667	3.30459e-08
3.12	2.71712e-08
3.13333	2.23181e-08
3.14667	1.83117e-08
3.16	1.50036e-08
3.17333	1.22753e-08
3.18667	1.00246e-08
3.2	8.17157e-09
3.21333	6.64606e-09
3.22667	5.39265e-09
3.24	4.36399e-09
3.25333	3.52148e-09
3.26667	2.83202e-09
3.28	2.27007e-09
3.29333	1.81287e-09
3.30667	1.44231e-09
3.32	1.14274e-09
3.33333	9.01497e-10
3.34667	7.07844e-10
3.36	5.53227e-10
3.37333	4.30299e-10
3.38667	3.32988e-10
3.4	2.56305e-10
3.41333	1.96198e-10
3.42667	1.49424e-10
3.44	1.13038e-10
3.45333	8.51111e-11
3.46667	6.36012e-11
3.48	4.73104e-11
3.49333	3.49051e-11
3.50667	2.56794e-11
3.52	1.86685e-11
3.53333	1.3596e-11
3.54667	9.7951e-12
3.56	7.07643e-12
3.57333	5.05026e-12
3.58667	3.62566e-12
3.6	2.56158e-12
3.61333	1.84432e-12
3.62667	1.31171e-12
3.64	9.4556e-13
3.65333	6.75814e-13
3.66667	4.93039e-13
3.68	3.51252e-13
3.69333	2.60767e-13
3.70667	1.90331e-13
3.72	1.45549e-13
3.73333	1.10955e-13
3.74667	8.76804e-14
3.76	6.57617e-14
3.77333	5.32044e-14
3.78667	4.13545e-14
3.8	3.26304e-14
3.81333	2.51957e-14
3.82667	1.97814e-14
3.84	1.51207e-14
3.85333	1.25862e-14
3.86667	9.62477e-15
3.88	7.43719e-15
3.89333	5.62798e-15
3.90667	4.55879e-15
3.92	3.18929e-15
3.93333	2.82162e-15
3.94667	2.0622e-15
3.96	1.77309e-15
3.97333	1.29946e-15
3.98667	9.50412e-16
