-4	4.18751e-16
-3.98667	7.16222e-16
-3.97333	7.63985e-16
-3.96	1.16175e-15
-3.94667	1.55321e-15
-3.93333	2.56518e-15
-3.92	3.30073e-15
-3.90667	5.11392e-15
-3.89333	6.42836e-15
-3.88	9.74744e-15
-3.86667	1.23167e-14
-3.85333	1.72808e-14
-3.84	2.31e-14
-3.82667	3.30064e-14
-3.81333	4.35918e-14
-3.8	5.98901e-14
-3.78667	7.88127e-14
-3.77333	1.06235e-13
-3.76	1.43369e-13
-3.74667	1.90795e-13
-3.73333	2.48332e-13
-3.72	3.27386e-13
-3.70667	4.25897e-13
-3.69333	5.53253e-13
-3.68	7.08897e-13
-3.66667	8.98863e-13
-3.65333	1.11824e-12
-3.64	1.38945e-12
-3.62667	1.69255e-12
-3.61333	2.04816e-12
-3.6	2.45253e-12
-3.58667	2.91443e-12
-3.57333	3.4082e-12
-3.56	3.92825e-12
-3.54667	4.44902e-12
-3.53333	4.95518e-12
-3.52	5.41662e-12
-3.50667	5.78476e-12
-3.49333	5.98726e-12
-3.48	5.98561e-12
-3.46667	5.7336e-12
-3.45333	5.21431e-12
-3.44	4.37986e-12
-3.42667	3.35305e-12
-3.41333	2.20632e-12
-3.4	1.29606e-12
-3.38667	1.06242e-12
-3.37333	2.34042e-12
-3.36	6.37727e-12
-3.34667	1.4922e-11
-3.33333	3.07504e-11
-3.32	5.74337e-11
-3.30667	1.0047e-10
-3.29333	1.66665e-10
-3.28	2.66158e-10
-3.26667	4.11174e-10
-3.25333	6.19771e-10
-3.24	9.13765e-10
-3.22667	1.32362e-09
-3.21333	1.88595e-09
-3.2	2.65087e-09
-3.18667	3.67967e-09
-3.17333	5.05232e-09
-3.16	6.86793e-09
-3.14667	9.2538e-09
-3.13333	1.23645e-08
-3.12	1.63989e-08
-3.10667	2.15973e-08
-3.09333	2.826e-08
-3.08	3.67537e-08
-3.06667	4.75337e-08
-3.05333	6.11498e-08
-3.04	7.82794e-08
-3.02667	9.97352e-08
-3.01333	1.26515e-07
-3	1.59807e-07
-2.98667	2.0107e-07
-2.97333	2.52036e-07
-2.96	3.14797e-07
-2.94667	3.91854e-07
-2.93333	4.86211e-07
-2.92	6.01443e-07
-2.90667	7.41837e-07
-2.89333	9.12485e-07
-2.88	1.11947e-06
-2.86667	1.37001e-06
-2.85333	1.67273e-06
-2.84	2.03785e-06
-2.82667	2.47755e-06
-2.81333	3.00631e-06
-2.8	3.64136e-06
-2.78667	4.40316e-06
-2.77333	5.31608e-06
-2.76	6.40907e-06
-2.74667	7.71658e-06
-2.73333	9.27952e-06
-2.72	1.11467e-05
-2.70667	1.3376e-05
-2.69333	1.60363e-05
-2.68	1.92091e-05
-2.66667	2.29915e-05
-2.65333	2.74983e-05
-2.64	3.28657e-05
-2.62667	3.92541e-05
-2.61333	4.68534e-05
-2.6	5.58866e-05
-2.58667	6.66166e-05
-2.57333	7.93507e-05
-2.56	9.44489e-05
-2.54667	0.000112331
-2.53333	0.000133484
-2.52	0.000158476
-2.50667	0.00018796
-2.49333	0.000222691
-2.48	0.000263535
-2.46667	0.000311485
-2.45333	0.000367672
-2.44	0.000433386
-2.42667	0.000510086
-2.41333	0.000599419
-2.4	0.000703241
-2.38667	0.000823633
-2.37333	0.00096292
-2.36	0.00112369
-2.34667	0.00130882
-2.33333	0.00152148
-2.32	0.00176518
-2.30667	0.00204376
-2.29333	0.00236143
-2.28	0.00272277
-2.26667	0.00313277
-2.25333	0.00359682
-2.24	0.00412076
-2.22667	0.00471085
-2.21333	0.00537381
-2.2	0.00611682
-2.18667	0.00694752
-2.17333	0.00787402
-2.16	0.0089049
-2.14667	0.0100492
-2.13333	0.0113164
-2.12	0.0127164
-2.10667	0.0142597
-2.09333	0.0159569
-2.08	0.0178193
-2.06667	0.0198582
-2.05333	0.0220856
-2.04	0.0245135
-2.02667	0.0271541
-2.01333	0.0300201
-2	0.0331239
-1.98667	0.0364783
-1.97333	0.0400958
-1.96	0.0439891
-1.94667	0.0481705
-1.93333	0.0526522
-1.92	0.057446
-1.90667	0.0625634
-1.89333	0.0680152
-1.88	0.0738119
-1.86667	0.079963
-1.85333	0.0864774
-1.84	0.0933631
-1.82667	0.100627
-1.81333	0.108275
-1.8	0.116312
-1.78667	0.124742
-1.77333	0.133567
-1.76	0.142787
-1.74667	0.152403
-1.73333	0.162411
-1.72	0.172809
-1.70667	0.183591
-1.69333	0.194749
-1.68	0.206277
-1.66667	0.218162
-1.65333	0.230393
-1.64	0.242957
-1.62667	0.255837
-1.61333	0.269017
-1.6	0.282478
-1.58667	0.2962
-1.57333	0.31016
-1.56	0.324336
-1.54667	0.338702
-1.53333	0.353232
-1.52	0.367899
-1.50667	0.382674
-1.49333	0.397528
-1.48	0.412429
-1.46667	0.427347
-1.45333	0.442248
-1.44	0.4571
-1.42667	0.47187
-1.41333	0.486522
-1.4	0.501024
-1.38667	0.51534
-1.37333	0.529436
-1.36	0.543278
-1.34667	0.556832
-1.33333	0.570064
-1.32	0.582939
-1.30667	0.595427
-1.29333	0.607494
-1.28	0.61911
-1.26667	0.630244
-1.25333	0.640868
-1.24	0.650953
-1.22667	0.660474
-1.21333	0.669404
-1.2	0.677722
-1.18667	0.685404
-1.17333	0.692432
-1.16	0.698786
-1.14667	0.704451
-1.13333	0.709413
-1.12	0.713659
-1.10667	0.717181
-1.09333	0.719969
-1.08	0.72202
-1.06667	0.723329
-1.05333	0.723897
-1.04	0.723725
-1.02667	0.722817
-1.01333	0.72118
-1	0.718822
-0.986667	0.715754
-0.973333	0.71199
-0.96	0.707545
-0.946667	0.702438
-0.933333	0.696687
-0.92	0.690314
-0.906667	0.683343
-0.893333	0.6758
-0.88	0.66771
-0.866667	0.659103
-0.853333	0.650008
-0.84	0.640456
-0.826667	0.630479
-0.813333	0.620108
-0.8	0.609379
-0.786667	0.598324
-0.773333	0.586978
-0.76	0.575376
-0.746667	0.56355
-0.733333	0.551536
-0.72	0.539367
-0.706667	0.527076
-0.693333	0.514697
-0.68	0.50226
-0.666667	0.489797
-0.653333	0.477337
-0.64	0.464908
-0.626667	0.45254
-0.613333	0.440256
-0.6	0.428082
-0.586667	0.41604
-0.573333	0.404154
-0.56	0.392441
-0.546667	0.380921
-0.533333	0.36961
-0.52	0.358524
-0.506667	0.347676
-0.493333	0.337079
-0.48	0.326742
-0.466667	0.316675
-0.453333	0.306886
-0.44	0.297381
-0.426667	0.288165
-0.413333	0.279241
-0.4	0.270612
-0.386667	0.262281
-0.373333	0.254246
-0.36	0.246508
-0.346667	0.239066
-0.333333	0.231917
-0.32	0.225059
-0.306667	0.218488
-0.293333	0.2122
-0.28	0.20619
-0.266667	0.200455
-0.253333	0.194987
-0.24	0.189783
-0.226667	0.184836
-0.213333	0.180139
-0.2	0.175688
-0.186667	0.171475
-0.173333	0.167494
-0.16	0.16374
-0.146667	0.160204
-0.133333	0.156882
-0.12	0.153767
-0.106667	0.150853
-0.0933333	0.148133
-0.08	0.145603
-0.0666667	0.143255
-0.0533333	0.141085
-0.04	0.139087
-0.0266667	0.137256
-0.0133333	0.135587
0	0.134074
0.0133333	0.132713
0.0266667	0.131499
0.04	0.130428
0.0533333	0.129496
0.0666667	0.128697
0.08	0.12803
0.0933333	0.127488
0.106667	0.12707
0.12	0.12677
0.133333	0.126585
0.146667	0.126512
0.16	0.126547
0.173333	0.126687
0.186667	0.126928
0.2	0.127266
0.213333	0.127698
0.226667	0.128221
0.24	0.12883
0.253333	0.129522
0.266667	0.130294
0.28	0.131141
0.293333	0.132059
0.306667	0.133044
0.32	0.134092
0.333333	0.135199
0.346667	0.13636
0.36	0.137571
0.373333	0.138827
0.386667	0.140123
0.4	0.141456
0.413333	0.142819
0.426667	0.144208
0.44	0.145619
0.453333	0.147046
0.466667	0.148484
0.48	0.14993
0.493333	0.151377
0.506667	0.152822
0.52	0.15426
0.533333	0.155686
0.546667	0.157096
0.56	0.158486
0.573333	0.159852
0.586667	0.16119
0.6	0.162495
0.613333	0.163766
0.626667	0.164997
0.64	0.166186
0.653333	0.16733
0.666667	0.168425
0.68	0.169469
0.693333	0.170458
0.706667	0.17139
0.72	0.172261
0.733333	0.17307
0.746667	0.173813
0.76	0.174487
0.773333	0.17509
0.786667	0.175618
0.8	0.176069
0.813333	0.17644
0.826667	0.176726
0.84	0.176926
0.853333	0.177035
0.866667	0.17705
0.88	0.176968
0.893333	0.176785
0.906667	0.176497
0.92	0.176101
0.933333	0.175593
0.946667	0.17497
0.96	0.174229
0.973333	0.173365
0.986667	0.172376
1	0.171259
1.01333	0.170012
1.02667	0.168633
1.04	0.167119
1.05333	0.165469
1.06667	0.163682
1.08	0.161758
1.09333	0.159698
1.10667	0.157501
1.12	0.155169
1.13333	0.152705
1.14667	0.15011
1.16	0.147389
1.17333	0.144544
1.18667	0.141582
1.2	0.138506
1.21333	0.135323
1.22667	0.132039
1.24	0.128661
1.25333	0.125198
1.26667	0.121656
1.28	0.118045
1.29333	0.114374
1.30667	0.110651
1.32	0.106886
1.33333	0.10309
1.34667	0.099271
1.36	0.0954402
1.37333	0.0916072
1.38667	0.0877821
1.4	0.0839745
1.41333	0.0801941
1.42667	0.0764502
1.44	0.072752
1.45333	0.0691081
1.46667	0.0655268
1.48	0.0620158
1.49333	0.0585826
1.50667	0.0552337
1.52	0.0519754
1.53333	0.0488131
1.54667	0.0457519
1.56	0.042796
1.57333	0.039949
1.58667	0.0372138
1.6	0.0345929
1.61333	0.0320878
1.62667	0.0296996
1.64	0.0274288
1.65333	0.0252753
1.66667	0.0232382
1.68	0.0213165
1.69333	0.0195084
1.70667	0.0178117
1.72	0.0162239
1.73333	0.014742
1.74667	0.0133629
1.76	0.0120828
1.77333	0.010898
1.78667	0.00980459
1.8	0.0087983
1.81333	0.00787489
1.82667	0.00703
1.84	0.00625923
1.85333	0.00555815
1.86667	0.00492239
1.88	0.00434761
1.89333	0.00382955
1.90667	0.00336406
1.92	0.00294712
1.93333	0.00257483
1.94667	0.00224348
1.96	0.00194951
1.97333	0.00168954
1.98667	0.0014604
2	0.00125908
2.01333	0.00108278
2.02667	0.000928916
2.04	0.000795059
2.05333	0.000678991
2.06667	0.000578675
2.08	0.000492252
2.09333	0.000418033
2.10667	0.000354491
2.12	0.000300253
2.13333	0.000254091
2.14667	0.000214909
2.16	0.000181738
2.17333	0.000153723
2.18667	0.00013011
2.2	0.000110246
2.21333	9.35592e-05
2.22667	7.95578e-05
2.24	6.78175e-05
2.25333	5.79756e-05
2.26667	4.9723e-05
2.28	4.27976e-05
2.29333	3.69782e-05
2.30667	3.20791e-05
2.32	2.79451e-05
2.33333	2.44466e-05
2.34667	2.14763e-05
2.36	1.89452e-05
2.37333	1.67799e-05
2.38667	1.492e-05
2.4	1.33156e-05
2.41333	1.19256e-05
2.42667	1.07163e-05
2.44	9.65977e-06
2.45333	8.73278e-06
2.46667	7.91617e-06
2.48	7.1938e-06
2.49333	6.55221e-06
2.50667	5.98002e-06
2.52	5.46762e-06
2.53333	5.00682e-06
2.54667	4.5907e-06
2.56	4.21331e-06
2.57333	3.8696e-06
2.58667	3.55525e-06
2.6	3.26668e-06
2.61333	3.00078e-06
2.62667	2.755e-06
2.64	2.52715e-06
2.65333	2.31549e-06
2.66667	2.11851e-06
2.68	1.935e-06
2.69333	1.76397e-06
2.70667	1.60457e-06
2.72	1.45612e-06
2.73333	1.31804e-06
2.74667	1.18982e-06
2.76	1.07102e-06
2.77333	9.61186e-07
2.78667	8.59972e-07
2.8	7.6695e-07
2.81333	6.81775e-07
2.82667	6.04028e-07
2.84	5.33353e-07
2.85333	4.6931e-07
2.86667	4.11532e-07
2.88	3.59589e-07
2.89333	3.13095e-07
2.90667	2.71623e-07
2.92	2.348e-07
2.93333	2.02216e-07
2.94667	1.73514e-07
2.96	1.48321e-07
2.97333	1.26308e-07
2.98667	1.07141e-07
3	9.05281e-08
3.01333	7.61848e-08
3.02667	6.38567e-08
3.04	5.32985e-08
3.05333	4.4302e-08
3.06667	3.66622e-08
3.08	3.02096e-08
3.09333	2.47788e-08
3.10667	2.02339e-08
3.12	1.64423e-08
3.13333	1.32992e-08
3.14667	1.07031e-08
3.16	8.5726e-09
3.17333	6.82982e-09
3.18667	5.41489e-09
3.2	4.26944e-09
3.21333	3.34905e-09
3.22667	2.61256e-09
3.24	2.02702e-09
3.25333	1.56352e-09
3.26667	1.19948e-09
3.28	9.14884e-10
3.29333	6.9373e-10
3.30667	5.22824e-10
3.32	3.91611e-10
3.33333	2.91476e-10
3.34667	2.15534e-10
3.36	1.58416e-10
3.37333	1.15576e-10
3.38667	8.36811e-11
3.4	6.01938e-11
3.41333	4.29363e-11
3.42667	3.0366e-11
3.44	2.12973e-11
3.45333	1.47983e-11
3.46667	1.016e-11
3.48	6.92547e-12
3.49333	4.64378e-12
3.50667	3.07025e-12
3.52	1.99762e-12
3.53333	1.28067e-12
3.54667	7.98984e-13
3.56	4.88751e-13
3.57333	2.89509e-13
3.58667	1.70069e-13
3.6	1.01108e-13
3.61333	6.45126e-14
3.62667	4.33185e-14
3.64	3.72762e-14
3.65333	3.30156e-14
3.66667	3.39434e-14
3.68	3.36378e-14
3.69333	3.43975e-14
3.70667	3.23289e-14
3.72	3.22171e-14
3.73333	2.82911e-14
3.74667	2.60039e-14
3.76	2.40405e-14
3.77333	2.13922e-14
3.78667	1.80319e-14
3.8	1.60389e-14
3.81333	1.29313e-14
3.82667	1.11905e-14
3.84	9.29991e-15
3.85333	7.44496e-15
3.86667	5.55654e-15
3.88	4.96361e-15
3.89333	3.63226e-15
3.90667	3.01921e-15
3.92	2.40921e-15
3.93333	1.87223e-15
3.94667	1.49213e-15
3.96	1.23154e-15
3.97333	8.43535e-16
3.98667	6.84559e-16
