-4	1.80325e-13
-3.98667	2.27439e-13
-3.97333	3.22915e-13
-3.96	4.61491e-13
-3.94667	6.57716e-13
-3.93333	8.66079e-13
-3.92	1.29849e-12
-3.90667	1.74658e-12
-3.89333	2.42999e-12
-3.88	3.38937e-12
-3.86667	4.70915e-12
-3.85333	6.35716e-12
-3.84	8.88559e-12
-3.82667	1.19942e-11
-3.81333	1.62656e-11
-3.8	2.20587e-11
-3.78667	2.96989e-11
-3.77333	3.94395e-11
-3.76	5.26791e-11
-3.74667	6.94564e-11
-3.73333	9.12496e-11
-3.72	1.19238e-10
-3.70667	1.54924e-10
-3.69333	1.99539e-10
-3.68	2.55912e-10
-3.66667	3.25858e-10
-3.65333	4.11724e-10
-3.64	5.17104e-10
-3.62667	6.44872e-10
-3.61333	7.98974e-10
-3.6	9.8091e-10
-3.58667	1.1986e-09
-3.57333	1.45053e-09
-3.56	1.74501e-09
-3.54667	2.08158e-09
-3.53333	2.4682e-09
-3.52	2.89644e-09
-3.50667	3.38362e-09
-3.49333	3.91307e-09
-3.48	4.49645e-09
-3.46667	5.12102e-09
-3.45333	5.79548e-09
-3.44	6.4918e-09
-3.42667	7.23025e-09
-3.41333	7.97276e-09
-3.4	8.72766e-09
-3.38667	9.46658e-09
-3.37333	1.01912e-08
-3.36	1.08651e-08
-3.34667	1.14942e-08
-3.33333	1.20517e-08
-3.32	1.25336e-08
-3.30667	1.29317e-08
-3.29333	1.32432e-08
-3.28	1.34808e-08
-3.26667	1.3634e-08
-3.25333	1.3753e-08
-3.24	1.38275e-08
-3.22667	1.39171e-08
-3.21333	1.40244e-08
-3.2	1.42203e-08
-3.18667	1.45001e-08
-3.17333	1.49347e-08
-3.16	1.55256e-08
-3.14667	1.63173e-08
-3.13333	1.73114e-08
-3.12	1.85222e-08
-3.10667	1.99533e-08
-3.09333	2.15619e-08
-3.08	2.33484e-08
-3.06667	2.52324e-08
-3.05333	2.71894e-08
-3.04	2.91129e-08
-3.02667	3.09724e-08
-3.01333	3.26615e-08
-3	3.41559e-08
-2.98667	3.53992e-08
-2.97333	3.64344e-08
-2.96	3.72904e-08
-2.94667	3.8149e-08
-2.93333	3.92332e-08
-2.92	4.0972e-08
-2.90667	4.39236e-08
-2.89333	4.89821e-08
-2.88	5.72794e-08
-2.86667	7.04849e-08
-2.85333	9.06951e-08
-2.84	1.20858e-07
-2.82667	1.64587e-07
-2.81333	2.26857e-07
-2.8	3.13682e-07
-2.78667	4.33086e-07
-2.77333	5.94685e-07
-2.76	8.1099e-07
-2.74667	1.09685e-06
-2.73333	1.47108e-06
-2.72	1.9561e-06
-2.70667	2.57948e-06
-2.69333	3.37417e-06
-2.68	4.37965e-06
-2.66667	5.64341e-06
-2.65333	7.2209e-06
-2.64	9.17899e-06
-2.62667	1.15948e-05
-2.61333	1.45611e-05
-2.6	1.81845e-05
-2.58667	2.25924e-05
-2.57333	2.79316e-05
-2.56	3.43752e-05
-2.54667	4.21241e-05
-2.53333	5.14126e-05
-2.52	6.25133e-05
-2.50667	7.57429e-05
-2.49333	9.14692e-05
-2.48	0.00011012
-2.46667	0.000132188
-2.45333	0.000158246
-2.44	0.000188954
-2.42667	0.000225072
-2.41333	0.000267475
-2.4	0.000317165
-2.38667	0.000375295
-2.37333	0.000443175
-2.36	0.000522306
-2.34667	0.000614379
-2.33333	0.000721326
-2.32	0.000845307
-2.30667	0.000988768
-2.29333	0.00115444
-2.28	0.00134538
-2.26667	0.00156499
-2.25333	0.00181704
-2.24	0.00210568
-2.22667	0.00243549
-2.21333	0.00281149
-2.2	0.00323917
-2.18667	0.00372449
-2.17333	0.00427391
-2.16	0.00489438
-2.14667	0.0055934
-2.13333	0.006379
-2.12	0.00725972
-2.10667	0.00824468
-2.09333	0.00934346
-2.08	0.0105663
-2.06667	0.0119237
-2.05333	0.0134269
-2.04	0.0150876
-2.02667	0.0169179
-2.01333	0.0189302
-2	0.0211374
-1.98667	0.0235529
-1.97333	0.0261901
-1.96	0.029063
-1.94667	0.0321856
-1.93333	0.0355722
-1.92	0.0392371
-1.90667	0.0431947
-1.89333	0.0474595
-1.88	0.0520458
-1.86667	0.0569679
-1.85333	0.0622397
-1.84	0.067875
-1.82667	0.0738869
-1.81333	0.0802883
-1.8	0.0870915
-1.78667	0.0943079
-1.77333	0.101948
-1.76	0.110022
-1.74667	0.118539
-1.73333	0.127505
-1.72	0.136928
-1.70667	0.146812
-1.69333	0.15716
-1.68	0.167974
-1.66667	0.179253
-1.65333	0.190996
-1.64	0.203196
-1.62667	0.215849
-1.61333	0.228945
-1.6	0.242472
-1.58667	0.256416
-1.57333	0.270762
-1.56	0.28549
-1.54667	0.300579
-1.53333	0.316004
-1.52	0.331741
-1.50667	0.347758
-1.49333	0.364027
-1.48	0.380512
-1.46667	0.39718
-1.45333	0.413993
-1.44	0.430912
-1.42667	0.447898
-1.41333	0.46491
-1.4	0.481904
-1.38667	0.49884
-1.37333	0.515673
-1.36	0.532362
-1.34667	0.548862
-1.33333	0.565132
-1.32	0.58113
-1.30667	0.596816
-1.29333	0.61215
-1.28	0.627094
-1.26667	0.641612
-1.25333	0.655668
-1.24	0.669232
-1.22667	0.68227
-1.21333	0.694756
-1.2	0.706663
-1.18667	0.717966
-1.17333	0.728643
-1.16	0.738675
-1.14667	0.748045
-1.13333	0.756736
-1.12	0.764736
-1.10667	0.772033
-1.09333	0.778618
-1.08	0.784483
-1.06667	0.789623
-1.05333	0.794034
-1.04	0.797714
-1.02667	0.800662
-1.01333	0.80288
-1	0.804369
-0.986667	0.805134
-0.973333	0.80518
-0.96	0.804514
-0.946667	0.803144
-0.933333	0.80108
-0.92	0.798332
-0.906667	0.794913
-0.893333	0.790837
-0.88	0.786119
-0.866667	0.780775
-0.853333	0.774824
-0.84	0.768286
-0.826667	0.76118
-0.813333	0.75353
-0.8	0.745359
-0.786667	0.736693
-0.773333	0.727557
-0.76	0.71798
-0.746667	0.707989
-0.733333	0.697615
-0.72	0.686887
-0.706667	0.675838
-0.693333	0.664498
-0.68	0.6529
-0.666667	0.641077
-0.653333	0.629059
-0.64	0.616881
-0.626667	0.604574
-0.613333	0.592169
-0.6	0.579698
-0.586667	0.567189
-0.573333	0.554673
-0.56	0.542177
-0.546667	0.529726
-0.533333	0.517347
-0.52	0.505062
-0.506667	0.492892
-0.493333	0.480858
-0.48	0.468978
-0.466667	0.457267
-0.453333	0.44574
-0.44	0.434408
-0.426667	0.423283
-0.413333	0.412373
-0.4	0.401684
-0.386667	0.391221
-0.373333	0.380988
-0.36	0.370987
-0.346667	0.361217
-0.333333	0.351678
-0.32	0.342369
-0.306667	0.333285
-0.293333	0.324423
-0.28	0.315778
-0.266667	0.307345
-0.253333	0.299118
-0.24	0.291091
-0.226667	0.283258
-0.213333	0.275611
-0.2	0.268146
-0.186667	0.260855
-0.173333	0.253733
-0.16	0.246774
-0.146667	0.239971
-0.133333	0.233321
-0.12	0.226819
-0.106667	0.22046
-0.0933333	0.214241
-0.08	0.208159
-0.0666667	0.202211
-0.0533333	0.196394
-0.04	0.190708
-0.0266667	0.185149
-0.0133333	0.179719
0	0.174415
0.0133333	0.169237
0.0266667	0.164185
0.04	0.159259
0.0533333	0.154459
0.0666667	0.149785
0.08	0.145237
0.0933333	0.140816
0.106667	0.13652
0.12	0.132351
0.133333	0.128307
0.146667	0.124387
0.16	0.120592
0.173333	0.11692
0.186667	0.113369
0.2	0.109937
0.213333	0.106623
0.226667	0.103424
0.24	0.100337
0.253333	0.0973598
0.266667	0.094488
0.28	0.0917184
0.293333	0.0890472
0.306667	0.0864701
0.32	0.0839829
0.333333	0.0815812
0.346667	0.0792604
0.36	0.077016
0.373333	0.0748433
0.386667	0.0727379
0.4	0.0706953
0.413333	0.0687111
0.426667	0.0667813
0.44	0.0649021
0.453333	0.0630699
0.466667	0.0612816
0.48	0.0595345
0.493333	0.0578262
0.506667	0.056155
0.52	0.0545197
0.533333	0.0529194
0.546667	0.0513541
0.56	0.0498244
0.573333	0.0483314
0.586667	0.0468769
0.6	0.0454634
0.613333	0.0440939
0.626667	0.0427721
0.64	0.0415023
0.653333	0.0402893
0.666667	0.0391384
0.68	0.0380554
0.693333	0.0370465
0.706667	0.0361181
0.72	0.0352769
0.733333	0.0345298
0.746667	0.0338835
0.76	0.0333449
0.773333	0.0329205
0.786667	0.0326166
0.8	0.0324392
0.813333	0.0323934
0.826667	0.032484
0.84	0.0327147
0.853333	0.0330884
0.866667	0.0336073
0.88	0.034272
0.893333	0.0350822
0.906667	0.0360363
0.92	0.0371311
0.933333	0.0383623
0.946667	0.0397241
0.96	0.041209
0.973333	0.0428085
0.986667	0.0445122
1	0.0463086
1.01333	0.0481849
1.02667	0.0501269
1.04	0.0521193
1.05333	0.0541461
1.06667	0.05619
1.08	0.0582332
1.09333	0.0602576
1.10667	0.0622445
1.12	0.0641752
1.13333	0.0660309
1.14667	0.0677934
1.16	0.0694448
1.17333	0.0709679
1.18667	0.0723465
1.2	0.0735656
1.21333	0.0746112
1.22667	0.0754712
1.24	0.0761348
1.25333	0.0765932
1.26667	0.0768393
1.28	0.076868
1.29333	0.0766765
1.30667	0.0762635
1.32	0.0756303
1.33333	0.07478
1.34667	0.0737179
1.36	0.0724509
1.37333	0.0709881
1.38667	0.06934
1.4	0.0675188
1.41333	0.0655383
1.42667	0.0634131
1.44	0.0611591
1.45333	0.0587929
1.46667	0.0563319
1.48	0.0537937
1.49333	0.0511961
1.50667	0.048557
1.52	0.045894
1.53333	0.0432241
1.54667	0.0405639
1.56	0.0379291
1.57333	0.0353346
1.58667	0.0327942
1.6	0.0303203
1.61333	0.0279244
1.62667	0.0256164
1.64	0.0234048
1.65333	0.021297
1.66667	0.0192987
1.68	0.0174142
1.69333	0.0156467
1.70667	0.0139978
1.72	0.012468
1.73333	0.0110566
1.74667	0.00976199
1.76	0.00858134
1.77333	0.00751112
1.78667	0.00654703
1.8	0.00568413
1.81333	0.00491696
1.82667	0.00423965
1.84	0.00364606
1.85333	0.00312985
1.86667	0.00268456
1.88	0.00230379
1.89333	0.00198116
1.90667	0.00171052
1.92	0.00148589
1.93333	0.00130157
1.94667	0.0011522
1.96	0.00103276
1.97333	0.000938619
1.98667	0.000865528
2	0.000809656
2.01333	0.000767579
2.02667	0.000736263
2.04	0.00071307
2.05333	0.000695729
2.06667	0.000682327
2.08	0.000671272
2.09333	0.000661274
2.10667	0.000651322
2.12	0.000640645
2.13333	0.000628688
2.14667	0.000615083
2.16	0.000599629
2.17333	0.00058225
2.18667	0.000562984
2.2	0.000541947
2.21333	0.000519332
2.22667	0.000495369
2.24	0.000470327
2.25333	0.000444482
2.26667	0.000418127
2.28	0.000391532
2.29333	0.000364969
2.30667	0.00033868
2.32	0.000312899
2.33333	0.000287817
2.34667	0.000263606
2.36	0.000240405
2.37333	0.000218327
2.38667	0.000197455
2.4	0.000177847
2.41333	0.000159539
2.42667	0.000142543
2.44	0.000126853
2.45333	0.000112451
2.46667	9.92977e-05
2.48	8.73485e-05
2.49333	7.65437e-05
2.50667	6.68235e-05
2.52	5.81187e-05
2.53333	5.03608e-05
2.54667	4.34777e-05
2.56	3.73987e-05
2.57333	3.20528e-05
2.58667	2.7371e-05
2.6	2.32899e-05
2.61333	1.97464e-05
2.62667	1.66829e-05
2.64	1.40442e-05
2.65333	1.17815e-05
2.66667	9.84804e-06
2.68	8.2031e-06
2.69333	6.80883e-06
2.70667	5.63205e-06
2.72	4.64209e-06
2.73333	3.81319e-06
2.74667	3.12139e-06
2.76	2.54659e-06
2.77333	2.07001e-06
2.78667	1.67705e-06
2.8	1.35375e-06
2.81333	1.08917e-06
2.82667	8.73252e-07
2.84	6.9782e-07
2.85333	5.55632e-07
2.86667	4.40829e-07
2.88	3.48589e-07
2.89333	2.74712e-07
2.90667	2.15737e-07
2.92	1.68863e-07
2.93333	1.31733e-07
2.94667	1.02394e-07
2.96	7.9335e-08
2.97333	6.12266e-08
2.98667	4.70953e-08
3	3.6064e-08
3.01333	2.7558e-08
3.02667	2.09815e-08
3.04	1.59155e-08
3.05333	1.20332e-08
3.06667	9.06484e-09
3.08	6.80678e-09
3.09333	5.09754e-09
3.10667	3.80389e-09
3.12	2.82221e-09
3.13333	2.08461e-09
3.14667	1.53498e-09
3.16	1.13073e-09
3.17333	8.26431e-10
3.18667	6.05429e-10
3.2	4.40299e-10
3.21333	3.18292e-10
3.22667	2.297e-10
3.24	1.64537e-10
3.25333	1.16783e-10
3.26667	8.3859e-11
3.28	6.05691e-11
3.29333	4.36054e-11
3.30667	3.08688e-11
3.32	2.14998e-11
3.33333	1.48638e-11
3.34667	1.03932e-11
3.36	7.25768e-12
3.37333	5.14933e-12
3.38667	3.30975e-12
3.4	2.37756e-12
3.41333	1.61598e-12
3.42667	1.11871e-12
3.44	7.31805e-13
3.45333	5.36342e-13
3.46667	3.23542e-13
3.48	2.49822e-13
3.49333	1.68561e-13
3.50667	8.49766e-14
3.52	8.39763e-14
3.53333	6.36128e-14
3.54667	5.47212e-14
3.56	2.27928e-14
3.57333	1.73557e-14
3.58667	2.76361e-15
3.6	1.27039e-14
3.61333	7.17595e-15
3.62667	9.24862e-15
3.64	9.30934e-17
3.65333	9.14891e-16
3.66667	3.40979e-15
3.68	1.74196e-15
3.69333	1.07737e-14
3.70667	2.53982e-15
3.72	1.16901e-14
3.73333	6.88746e-15
3.74667	8.15868e-15
3.76	8.32368e-15
3.77333	1.9272e-15
3.78667	3.19597e-15
3.8	3.46194e-16
3.81333	1.35681e-15
3.82667	1.77619e-15
3.84	1.51355e-15
3.85333	4.73235e-15
3.86667	2.32533e-15
3.88	3.52305e-15
3.89333	1.87879e-15
3.90667	1.38557e-15
3.92	3.10317e-15
3.93333	3.32562e-16
3.94667	4.15696e-15
3.96	1.42089e-15
3.97333	5.04994e-16
3.98667	6.75552e-15
