-4	5.59248e-15
-3.98667	7.3535e-15
-3.97333	9.25516e-15
-3.96	1.13235e-14
-3.94667	1.58459e-14
-3.93333	2.16842e-14
-3.92	2.66574e-14
-3.90667	3.75303e-14
-3.89333	5.01252e-14
-3.88	6.5353e-14
-3.86667	8.78239e-14
-3.85333	1.20264e-13
-3.84	1.5968e-13
-3.82667	2.17857e-13
-3.81333	2.91528e-13
-3.8	3.81065e-13
-3.78667	5.08747e-13
-3.77333	6.77622e-13
-3.76	8.78377e-13
-3.74667	1.1483e-12
-3.73333	1.48517e-12
-3.72	1.91733e-12
-3.70667	2.47622e-12
-3.69333	3.19982e-12
-3.68	4.07771e-12
-3.66667	5.23937e-12
-3.65333	6.68816e-12
-3.64	8.5098e-12
-3.62667	1.08219e-11
-3.61333	1.37298e-11
-3.6	1.73863e-11
-3.58667	2.19727e-11
-3.57333	2.77061e-11
-3.56	3.47618e-11
-3.54667	4.37115e-11
-3.53333	5.47521e-11
-3.52	6.86633e-11
-3.50667	8.57146e-11
-3.49333	1.06916e-10
-3.48	1.32817e-10
-3.46667	1.64845e-10
-3.45333	2.03528e-10
-3.44	2.50944e-10
-3.42667	3.07796e-10
-3.41333	3.76733e-10
-3.4	4.59065e-10
-3.38667	5.57822e-10
-3.37333	6.74486e-10
-3.36	8.13714e-10
-3.34667	9.76738e-10
-3.33333	1.16903e-09
-3.32	1.3922e-09
-3.30667	1.65235e-09
-3.29333	1.95155e-09
-3.28	2.29716e-09
-3.26667	2.69006e-09
-3.25333	3.13771e-09
-3.24	3.64042e-09
-3.22667	4.2057e-09
-3.21333	4.83295e-09
-3.2	5.52665e-09
-3.18667	6.28507e-09
-3.17333	7.10878e-09
-3.16	7.99249e-09
-3.14667	8.93286e-09
-3.13333	9.91876e-09
-3.12	1.09392e-08
-3.10667	1.19795e-08
-3.09333	1.30191e-08
-3.08	1.40346e-08
-3.06667	1.49959e-08
-3.05333	1.58718e-08
-3.04	1.66263e-08
-3.02667	1.72223e-08
-3.01333	1.76226e-08
-3	1.77906e-08
-2.98667	1.76971e-08
-2.97333	1.73281e-08
-2.96	1.66843e-08
-2.94667	1.5798e-08
-2.93333	1.47398e-08
-2.92	1.36403e-08
-2.90667	1.27041e-08
-2.89333	1.22462e-08
-2.88	1.27107e-08
-2.86667	1.47333e-08
-2.85333	1.91713e-08
-2.84	2.7202e-08
-2.82667	4.0366e-08
-2.81333	6.07243e-08
-2.8	9.09356e-08
-2.78667	1.34482e-07
-2.77333	1.9579e-07
-2.76	2.80578e-07
-2.74667	3.96021e-07
-2.73333	5.51287e-07
-2.72	7.57778e-07
-2.70667	1.02988e-06
-2.69333	1.38532e-06
-2.68	1.8462e-06
-2.66667	2.43961e-06
-2.65333	3.19888e-06
-2.64	4.16452e-06
-2.62667	5.38588e-06
-2.61333	6.9224e-06
-2.6	8.8458e-06
-2.58667	1.12417e-05
-2.57333	1.42124e-05
-2.56	1.78791e-05
-2.54667	2.23848e-05
-2.53333	2.78978e-05
-2.52	3.4615e-05
-2.50667	4.27654e-05
-2.49333	5.2615e-05
-2.48	6.44705e-05
-2.46667	7.86844e-05
-2.45333	9.56599e-05
-2.44	0.000115857
-2.42667	0.000139796
-2.41333	0.000168065
-2.4	0.000201327
-2.38667	0.000240322
-2.37333	0.000285875
-2.36	0.000338906
-2.34667	0.000400427
-2.33333	0.000471558
-2.32	0.000553525
-2.30667	0.000647669
-2.29333	0.000755449
-2.28	0.000878452
-2.26667	0.00101839
-2.25333	0.0011771
-2.24	0.00135658
-2.22667	0.00155894
-2.21333	0.00178643
-2.2	0.00204147
-2.18667	0.00232661
-2.17333	0.00264453
-2.16	0.00299807
-2.14667	0.00339023
-2.13333	0.00382413
-2.12	0.00430305
-2.10667	0.0048304
-2.09333	0.00540973
-2.08	0.00604474
-2.06667	0.00673925
-2.05333	0.00749721
-2.04	0.00832271
-2.02667	0.00921993
-2.01333	0.0101932
-2	0.0112469
-1.98667	0.0123855
-1.97333	0.0136136
-1.96	0.0149358
-1.94667	0.0163568
-1.93333	0.0178814
-1.92	0.0195142
-1.90667	0.02126
-1.89333	0.0231234
-1.88	0.0251089
-1.86667	0.0272212
-1.85333	0.0294644
-1.84	0.0318428
-1.82667	0.0343603
-1.81333	0.0370205
-1.8	0.0398267
-1.78667	0.042782
-1.77333	0.0458888
-1.76	0.0491492
-1.74667	0.0525648
-1.73333	0.0561364
-1.72	0.0598644
-1.70667	0.0637485
-1.69333	0.0677874
-1.68	0.0719794
-1.66667	0.0763218
-1.65333	0.0808108
-1.64	0.0854422
-1.62667	0.0902106
-1.61333	0.0951096
-1.6	0.100132
-1.58667	0.10527
-1.57333	0.110514
-1.56	0.115854
-1.54667	0.12128
-1.53333	0.126779
-1.52	0.13234
-1.50667	0.137948
-1.49333	0.143591
-1.48	0.149252
-1.46667	0.154918
-1.45333	0.160573
-1.44	0.1662
-1.42667	0.171783
-1.41333	0.177306
-1.4	0.182751
-1.38667	0.188103
-1.37333	0.193345
-1.36	0.198461
-1.34667	0.203433
-1.33333	0.208247
-1.32	0.212887
-1.30667	0.217338
-1.29333	0.221586
-1.28	0.225618
-1.26667	0.229421
-1.25333	0.232984
-1.24	0.236295
-1.22667	0.239344
-1.21333	0.242123
-1.2	0.244624
-1.18667	0.246841
-1.17333	0.248767
-1.16	0.250398
-1.14667	0.251732
-1.13333	0.252765
-1.12	0.253499
-1.10667	0.253932
-1.09333	0.254067
-1.08	0.253906
-1.06667	0.253454
-1.05333	0.252715
-1.04	0.251696
-1.02667	0.250404
-1.01333	0.248847
-1	0.247034
-0.986667	0.244975
-0.973333	0.242681
-0.96	0.240164
-0.946667	0.237435
-0.933333	0.234509
-0.92	0.231397
-0.906667	0.228115
-0.893333	0.224675
-0.88	0.221093
-0.866667	0.217384
-0.853333	0.213561
-0.84	0.209641
-0.826667	0.205637
-0.813333	0.201566
-0.8	0.19744
-0.786667	0.193275
-0.773333	0.189086
-0.76	0.184884
-0.746667	0.180685
-0.733333	0.176501
-0.72	0.172345
-0.706667	0.168228
-0.693333	0.164162
-0.68	0.160159
-0.666667	0.156228
-0.653333	0.152379
-0.64	0.148622
-0.626667	0.144965
-0.613333	0.141416
-0.6	0.137983
-0.586667	0.134673
-0.573333	0.131492
-0.56	0.128447
-0.546667	0.125541
-0.533333	0.122781
-0.52	0.12017
-0.506667	0.117713
-0.493333	0.115413
-0.48	0.113274
-0.466667	0.111297
-0.453333	0.109486
-0.44	0.107842
-0.426667	0.106367
-0.413333	0.105063
-0.4	0.103931
-0.386667	0.102972
-0.373333	0.102186
-0.36	0.101575
-0.346667	0.101138
-0.333333	0.100877
-0.32	0.10079
-0.306667	0.100878
-0.293333	0.101141
-0.28	0.101579
-0.266667	0.10219
-0.253333	0.102975
-0.24	0.103933
-0.226667	0.105063
-0.213333	0.106364
-0.2	0.107835
-0.186667	0.109476
-0.173333	0.111285
-0.16	0.113261
-0.146667	0.115403
-0.133333	0.117711
-0.12	0.120181
-0.106667	0.122815
-0.0933333	0.125609
-0.08	0.128564
-0.0666667	0.131677
-0.0533333	0.134948
-0.04	0.138375
-0.0266667	0.141958
-0.0133333	0.145695
0	0.149586
0.0133333	0.15363
0.0266667	0.157826
0.04	0.162174
0.0533333	0.166673
0.0666667	0.171324
0.08	0.176127
0.0933333	0.181081
0.106667	0.186188
0.12	0.191448
0.133333	0.196861
0.146667	0.202429
0.16	0.208153
0.173333	0.214033
0.186667	0.220072
0.2	0.226271
0.213333	0.23263
0.226667	0.239152
0.24	0.245837
0.253333	0.252687
0.266667	0.259702
0.28	0.266885
0.293333	0.274234
0.306667	0.28175
0.32	0.289432
0.333333	0.297281
0.346667	0.305294
0.36	0.313469
0.373333	0.321804
0.386667	0.330296
0.4	0.338939
0.413333	0.347729
0.426667	0.35666
0.44	0.365725
0.453333	0.374915
0.466667	0.384221
0.48	0.393633
0.493333	0.403141
0.506667	0.41273
0.52	0.422388
0.533333	0.4321
0.546667	0.441849
0.56	0.45162
0.573333	0.461393
0.586667	0.471151
0.6	0.480872
0.613333	0.490537
0.626667	0.500123
0.64	0.509608
0.653333	0.518969
0.666667	0.528182
0.68	0.537224
0.693333	0.54607
0.706667	0.554696
0.72	0.563076
0.733333	0.571186
0.746667	0.579001
0.76	0.586498
0.773333	0.593651
0.786667	0.600438
0.8	0.606836
0.813333	0.612821
0.826667	0.618372
0.84	0.62347
0.853333	0.628093
0.866667	0.632224
0.88	0.635845
0.893333	0.638939
0.906667	0.641491
0.92	0.643489
0.933333	0.644919
0.946667	0.645772
0.96	0.646037
0.973333	0.645707
0.986667	0.644776
1	0.643241
1.01333	0.641098
1.02667	0.638347
1.04	0.634988
1.05333	0.631025
1.06667	0.626461
1.08	0.621304
1.09333	0.615561
1.10667	0.609243
1.12	0.602361
1.13333	0.594929
1.14667	0.586961
1.16	0.578476
1.17333	0.569492
1.18667	0.560028
1.2	0.550108
1.21333	0.539754
1.22667	0.528991
1.24	0.517845
1.25333	0.506344
1.26667	0.494515
1.28	0.482389
1.29333	0.469994
1.30667	0.457362
1.32	0.444525
1.33333	0.431514
1.34667	0.418361
1.36	0.405098
1.37333	0.391757
1.38667	0.37837
1.4	0.364969
1.41333	0.351584
1.42667	0.338246
1.44	0.324984
1.45333	0.311826
1.46667	0.2988
1.48	0.285932
1.49333	0.273246
1.50667	0.260767
1.52	0.248515
1.53333	0.236511
1.54667	0.224773
1.56	0.213319
1.57333	0.202164
1.58667	0.19132
1.6	0.1808
1.61333	0.170613
1.62667	0.160768
1.64	0.151271
1.65333	0.142127
1.66667	0.133339
1.68	0.124909
1.69333	0.116836
1.70667	0.109121
1.72	0.10176
1.73333	0.0947492
1.74667	0.0880849
1.76	0.0817609
1.77333	0.0757705
1.78667	0.0701063
1.8	0.06476
1.81333	0.0597227
1.82667	0.0549852
1.84	0.0505376
1.85333	0.0463698
1.86667	0.0424711
1.88	0.038831
1.89333	0.0354386
1.90667	0.0322829
1.92	0.0293531
1.93333	0.0266382
1.94667	0.0241274
1.96	0.02181
1.97333	0.0196754
1.98667	0.0177132
2	0.0159134
2.01333	0.0142659
2.02667	0.0127613
2.04	0.0113903
2.05333	0.0101437
2.06667	0.00901302
2.08	0.00798985
2.09333	0.00706622
2.10667	0.0062345
2.12	0.00548744
2.13333	0.00481814
2.14667	0.00422007
2.16	0.00368707
2.17333	0.00321332
2.18667	0.00279341
2.2	0.00242223
2.21333	0.00209504
2.22667	0.00180746
2.24	0.0015554
2.25333	0.00133511
2.26667	0.00114314
2.28	0.000976343
2.29333	0.000831832
2.30667	0.000706994
2.32	0.000599465
2.33333	0.000507112
2.34667	0.000428021
2.36	0.00036048
2.37333	0.000302965
2.38667	0.000254122
2.4	0.000212757
2.41333	0.000177817
2.42667	0.00014838
2.44	0.00012364
2.45333	0.000102897
2.46667	8.55447e-05
2.48	7.10592e-05
2.49333	5.89902e-05
2.50667	4.89524e-05
2.52	4.06168e-05
2.53333	3.37041e-05
2.54667	2.79773e-05
2.56	2.32369e-05
2.57333	1.9315e-05
2.58667	1.60708e-05
2.6	1.33868e-05
2.61333	1.11653e-05
2.62667	9.32505e-06
2.64	7.79891e-06
2.65333	6.5315e-06
2.66667	5.47713e-06
2.68	4.59838e-06
2.69333	3.86445e-06
2.70667	3.25022e-06
2.72	2.73504e-06
2.73333	2.30207e-06
2.74667	1.93751e-06
2.76	1.63007e-06
2.77333	1.37046e-06
2.78667	1.15106e-06
2.8	9.65509e-07
2.81333	8.08621e-07
2.82667	6.75977e-07
2.84	5.63986e-07
2.85333	4.69508e-07
2.86667	3.89985e-07
2.88	3.23154e-07
2.89333	2.6716e-07
2.90667	2.20351e-07
2.92	1.81358e-07
2.93333	1.48962e-07
2.94667	1.22152e-07
2.96	1.00023e-07
2.97333	8.18359e-08
2.98667	6.69206e-08
3	5.47358e-08
3.01333	4.47971e-08
3.02667	3.67173e-08
3.04	3.01537e-08
3.05333	2.48314e-08
3.06667	2.05125e-08
3.08	1.7009e-08
3.09333	1.41573e-08
3.10667	1.1836e-08
3.12	9.93509e-09
3.13333	8.37534e-09
3.14667	7.08513e-09
3.16	6.01455e-09
3.17333	5.11867e-09
3.18667	4.36618e-09
3.2	3.72898e-09
3.21333	3.18865e-09
3.22667	2.72603e-09
3.24	2.33161e-09
3.25333	1.99194e-09
3.26667	1.70051e-09
3.28	1.44867e-09
3.29333	1.23258e-09
3.30667	1.04584e-09
3.32	8.86392e-10
3.33333	7.48779e-10
3.34667	6.31576e-10
3.36	5.30764e-10
3.37333	4.4539e-10
3.38667	3.72517e-10
3.4	3.10925e-10
3.41333	2.58643e-10
3.42667	2.14823e-10
3.44	1.77743e-10
3.45333	1.46879e-10
3.46667	1.20992e-10
3.48	9.94087e-11
3.49333	8.14956e-11
3.50667	6.67562e-11
3.52	5.43459e-11
3.53333	4.42393e-11
3.54667	3.58149e-11
3.56	2.89651e-11
3.57333	2.33172e-11
3.58667	1.87907e-11
3.6	1.49468e-11
3.61333	1.1956e-11
3.62667	9.48606e-12
3.64	7.53917e-12
3.65333	5.96471e-12
3.66667	4.75016e-12
3.68	3.72539e-12
3.69333	2.95032e-12
3.70667	2.30344e-12
3.72	1.7849e-12
3.73333	1.37731e-12
3.74667	1.07565e-12
3.76	8.13869e-13
3.77333	6.28875e-13
3.78667	4.74227e-13
3.8	3.59207e-13
3.81333	2.69837e-13
3.82667	2.09601e-13
3.84	1.49414e-13
3.85333	1.13481e-13
3.86667	8.44934e-14
3.88	6.21892e-14
3.89333	4.62396e-14
3.90667	3.64378e-14
3.92	2.56924e-14
3.93333	1.97677e-14
3.94667	1.55372e-14
3.96	1.07755e-14
3.97333	8.2474e-15
3.98667	8.05045e-15
