-4	3.34716e-16
-3.98667	9.32248e-16
-3.97333	8.70922e-16
-3.96	1.03119e-15
-3.94667	1.01443e-15
-3.93333	1.41852e-15
-3.92	1.24718e-15
-3.90667	1.86451e-15
-3.89333	1.96426e-15
-3.88	2.40791e-15
-3.86667	2.64487e-15
-3.85333	3.22232e-15
-3.84	3.15427e-15
-3.82667	3.73894e-15
-3.81333	4.20591e-15
-3.8	5.67934e-15
-3.78667	7.21258e-15
-3.77333	9.38988e-15
-3.76	1.39239e-14
-3.74667	1.97142e-14
-3.73333	3.04817e-14
-3.72	4.64511e-14
-3.70667	7.1455e-14
-3.69333	1.04178e-13
-3.68	1.61101e-13
-3.66667	2.37911e-13
-3.65333	3.58826e-13
-3.64	5.26014e-13
-3.62667	7.77051e-13
-3.61333	1.11151e-12
-3.6	1.59563e-12
-3.58667	2.23191e-12
-3.57333	3.11097e-12
-3.56	4.28744e-12
-3.54667	5.90683e-12
-3.53333	8.06256e-12
-3.52	1.09563e-11
-3.50667	1.4783e-11
-3.49333	1.98467e-11
-3.48	2.65466e-11
-3.46667	3.53129e-11
-3.45333	4.67964e-11
-3.44	6.16542e-11
-3.42667	8.09014e-11
-3.41333	1.05625e-10
-3.4	1.37255e-10
-3.38667	1.77371e-10
-3.37333	2.28126e-10
-3.36	2.91866e-10
-3.34667	3.71332e-10
-3.33333	4.7005e-10
-3.32	5.9128e-10
-3.30667	7.40144e-10
-3.29333	9.20811e-10
-3.28	1.13985e-09
-3.26667	1.40207e-09
-3.25333	1.71566e-09
-3.24	2.08631e-09
-3.22667	2.52458e-09
-3.21333	3.03613e-09
-3.2	3.63304e-09
-3.18667	4.32138e-09
-3.17333	5.11353e-09
-3.16	6.01697e-09
-3.14667	7.04436e-09
-3.13333	8.20341e-09
-3.12	9.50811e-09
-3.10667	1.09675e-08
-3.09333	1.25968e-08
-3.08	1.4407e-08
-3.06667	1.64164e-08
-3.05333	1.86437e-08
-3.04	2.11156e-08
-3.02667	2.38661e-08
-3.01333	2.69416e-08
-3	3.04013e-08
-2.98667	3.43335e-08
-2.97333	3.8852e-08
-2.96	4.41217e-08
-2.94667	5.03571e-08
-2.93333	5.78602e-08
-2.92	6.70318e-08
-2.90667	7.84147e-08
-2.89333	9.27347e-08
-2.88	1.10953e-07
-2.86667	1.3434e-07
-2.85333	1.64556e-07
-2.84	2.03779e-07
-2.82667	2.54812e-07
-2.81333	3.21282e-07
-2.8	4.07809e-07
-2.78667	5.20309e-07
-2.77333	6.66219e-07
-2.76	8.5496e-07
-2.74667	1.09825e-06
-2.73333	1.41076e-06
-2.72	1.81053e-06
-2.70667	2.31991e-06
-2.69333	2.96621e-06
-2.68	3.78277e-06
-2.66667	4.81e-06
-2.65333	6.09678e-06
-2.64	7.70176e-06
-2.62667	9.69526e-06
-2.61333	1.21609e-05
-2.6	1.51981e-05
-2.58667	1.8924e-05
-2.57333	2.34768e-05
-2.56	2.90181e-05
-2.54667	3.5737e-05
-2.53333	4.38526e-05
-2.52	5.36195e-05
-2.50667	6.53308e-05
-2.49333	7.93243e-05
-2.48	9.59863e-05
-2.46667	0.000115759
-2.45333	0.000139143
-2.44	0.00016671
-2.42667	0.000199102
-2.41333	0.000237046
-2.4	0.000281355
-2.38667	0.000332942
-2.37333	0.000392821
-2.36	0.000462125
-2.34667	0.000542105
-2.33333	0.000634148
-2.32	0.000739778
-2.30667	0.000860671
-2.29333	0.000998661
-2.28	0.00115575
-2.26667	0.00133412
-2.25333	0.00153612
-2.24	0.00176433
-2.22667	0.00202148
-2.21333	0.00231055
-2.2	0.00263471
-2.18667	0.00299736
-2.17333	0.0034021
-2.16	0.00385278
-2.14667	0.00435346
-2.13333	0.00490844
-2.12	0.00552223
-2.10667	0.00619956
-2.09333	0.00694539
-2.08	0.00776489
-2.06667	0.00866341
-2.05333	0.00964653
-2.04	0.01072
-2.02667	0.0118896
-2.01333	0.0131615
-2	0.0145419
-1.98667	0.016037
-1.97333	0.0176531
-1.96	0.0193968
-1.94667	0.0212743
-1.93333	0.0232923
-1.92	0.025457
-1.90667	0.0277748
-1.89333	0.030252
-1.88	0.0328946
-1.86667	0.0357086
-1.85333	0.0386996
-1.84	0.0418732
-1.82667	0.0452345
-1.81333	0.0487884
-1.8	0.0525392
-1.78667	0.0564911
-1.77333	0.0606478
-1.76	0.0650123
-1.74667	0.0695874
-1.73333	0.0743751
-1.72	0.0793772
-1.70667	0.0845945
-1.69333	0.0900276
-1.68	0.0956761
-1.66667	0.101539
-1.65333	0.107616
-1.64	0.113903
-1.62667	0.120398
-1.61333	0.127098
-1.6	0.133999
-1.58667	0.141095
-1.57333	0.148382
-1.56	0.155853
-1.54667	0.1635
-1.53333	0.171318
-1.52	0.179297
-1.50667	0.187429
-1.49333	0.195704
-1.48	0.204112
-1.46667	0.212643
-1.45333	0.221285
-1.44	0.230027
-1.42667	0.238856
-1.41333	0.247759
-1.4	0.256724
-1.38667	0.265735
-1.37333	0.27478
-1.36	0.283842
-1.34667	0.292907
-1.33333	0.301961
-1.32	0.310986
-1.30667	0.319967
-1.29333	0.328888
-1.28	0.337734
-1.26667	0.346487
-1.25333	0.355132
-1.24	0.363652
-1.22667	0.372032
-1.21333	0.380255
-1.2	0.388307
-1.18667	0.396171
-1.17333	0.403833
-1.16	0.411279
-1.14667	0.418495
-1.13333	0.425466
-1.12	0.432182
-1.10667	0.438628
-1.09333	0.444795
-1.08	0.450671
-1.06667	0.456246
-1.05333	0.46151
-1.04	0.466456
-1.02667	0.471076
-1.01333	0.475363
-1	0.47931
-0.986667	0.482914
-0.973333	0.486168
-0.96	0.489071
-0.946667	0.491618
-0.933333	0.493809
-0.92	0.495642
-0.906667	0.497117
-0.893333	0.498234
-0.88	0.498994
-0.866667	0.4994
-0.853333	0.499453
-0.84	0.499156
-0.826667	0.498515
-0.813333	0.497532
-0.8	0.496213
-0.786667	0.494564
-0.773333	0.49259
-0.76	0.490299
-0.746667	0.487696
-0.733333	0.48479
-0.72	0.481589
-0.706667	0.4781
-0.693333	0.474332
-0.68	0.470295
-0.666667	0.465997
-0.653333	0.461449
-0.64	0.45666
-0.626667	0.45164
-0.613333	0.446401
-0.6	0.440952
-0.586667	0.435306
-0.573333	0.429473
-0.56	0.423464
-0.546667	0.417292
-0.533333	0.410968
-0.52	0.404505
-0.506667	0.397914
-0.493333	0.391208
-0.48	0.384399
-0.466667	0.3775
-0.453333	0.370524
-0.44	0.363483
-0.426667	0.35639
-0.413333	0.349258
-0.4	0.3421
-0.386667	0.334928
-0.373333	0.327755
-0.36	0.320593
-0.346667	0.313456
-0.333333	0.306355
-0.32	0.299303
-0.306667	0.292311
-0.293333	0.285391
-0.28	0.278555
-0.266667	0.271813
-0.253333	0.265178
-0.24	0.258658
-0.226667	0.252266
-0.213333	0.246009
-0.2	0.239899
-0.186667	0.233945
-0.173333	0.228154
-0.16	0.222535
-0.146667	0.217097
-0.133333	0.211847
-0.12	0.206792
-0.106667	0.201938
-0.0933333	0.197293
-0.08	0.192862
-0.0666667	0.18865
-0.0533333	0.184662
-0.04	0.180904
-0.0266667	0.17738
-0.0133333	0.174093
0	0.171046
0.0133333	0.168244
0.0266667	0.165689
0.04	0.163383
0.0533333	0.161329
0.0666667	0.159528
0.08	0.157981
0.0933333	0.15669
0.106667	0.155655
0.12	0.154877
0.133333	0.154356
0.146667	0.154091
0.16	0.154081
0.173333	0.154327
0.186667	0.154826
0.2	0.155576
0.213333	0.156576
0.226667	0.157824
0.24	0.159315
0.253333	0.161048
0.266667	0.163017
0.28	0.16522
0.293333	0.167651
0.306667	0.170305
0.32	0.173178
0.333333	0.176262
0.346667	0.179551
0.36	0.183039
0.373333	0.186717
0.386667	0.190577
0.4	0.194612
0.413333	0.198811
0.426667	0.203165
0.44	0.207663
0.453333	0.212295
0.466667	0.21705
0.48	0.221914
0.493333	0.226877
0.506667	0.231925
0.52	0.237044
0.533333	0.242222
0.546667	0.247443
0.56	0.252693
0.573333	0.257957
0.586667	0.26322
0.6	0.268467
0.613333	0.273682
0.626667	0.278848
0.64	0.283951
0.653333	0.288974
0.666667	0.293902
0.68	0.298718
0.693333	0.303408
0.706667	0.307955
0.72	0.312345
0.733333	0.316563
0.746667	0.320596
0.76	0.324429
0.773333	0.328049
0.786667	0.331443
0.8	0.334601
0.813333	0.33751
0.826667	0.340161
0.84	0.342544
0.853333	0.344651
0.866667	0.346473
0.88	0.348005
0.893333	0.349239
0.906667	0.350172
0.92	0.350799
0.933333	0.351118
0.946667	0.351126
0.96	0.350824
0.973333	0.350209
0.986667	0.349285
1	0.348052
1.01333	0.346514
1.02667	0.344674
1.04	0.342536
1.05333	0.340106
1.06667	0.33739
1.08	0.334395
1.09333	0.331128
1.10667	0.327597
1.12	0.323811
1.13333	0.31978
1.14667	0.315512
1.16	0.311018
1.17333	0.306309
1.18667	0.301395
1.2	0.296288
1.21333	0.291
1.22667	0.285542
1.24	0.279926
1.25333	0.274165
1.26667	0.26827
1.28	0.262256
1.29333	0.256133
1.30667	0.249915
1.32	0.243614
1.33333	0.237242
1.34667	0.230813
1.36	0.224339
1.37333	0.217831
1.38667	0.211302
1.4	0.204764
1.41333	0.198229
1.42667	0.191707
1.44	0.185211
1.45333	0.17875
1.46667	0.172335
1.48	0.165976
1.49333	0.159682
1.50667	0.153463
1.52	0.147328
1.53333	0.141284
1.54667	0.13534
1.56	0.129502
1.57333	0.123778
1.58667	0.118173
1.6	0.112693
1.61333	0.107343
1.62667	0.102128
1.64	0.0970517
1.65333	0.0921179
1.66667	0.0873296
1.68	0.0826893
1.69333	0.0781989
1.70667	0.0738601
1.72	0.0696738
1.73333	0.0656408
1.74667	0.0617612
1.76	0.0580347
1.77333	0.0544607
1.78667	0.0510382
1.8	0.0477659
1.81333	0.0446418
1.82667	0.041664
1.84	0.0388302
1.85333	0.0361375
1.86667	0.0335832
1.88	0.031164
1.89333	0.0288765
1.90667	0.0267172
1.92	0.0246823
1.93333	0.0227678
1.94667	0.0209697
1.96	0.0192838
1.97333	0.0177059
1.98667	0.0162316
2	0.0148566
2.01333	0.0135764
2.02667	0.0123867
2.04	0.011283
2.05333	0.010261
2.06667	0.00931633
2.08	0.00844475
2.09333	0.00764208
2.10667	0.00690424
2.12	0.00622724
2.13333	0.00560721
2.14667	0.00504042
2.16	0.00452326
2.17333	0.00405226
2.18667	0.0036241
2.2	0.00323561
2.21333	0.00288377
2.22667	0.00256573
2.24	0.00227877
2.25333	0.00202035
2.26667	0.00178806
2.28	0.00157965
2.29333	0.00139303
2.30667	0.00122622
2.32	0.00107742
2.33333	0.000944923
2.34667	0.000827178
2.36	0.000722743
2.37333	0.000630292
2.38667	0.00054861
2.4	0.000476586
2.41333	0.000413204
2.42667	0.000357539
2.44	0.000308751
2.45333	0.000266077
2.46667	0.00022883
2.48	0.000196387
2.49333	0.000168188
2.50667	0.000143732
2.52	0.000122568
2.53333	0.000104293
2.54667	8.85487e-05
2.56	7.5015e-05
2.57333	6.34086e-05
2.58667	5.34781e-05
2.6	4.50018e-05
2.61333	3.77839e-05
2.62667	3.16526e-05
2.64	2.64568e-05
2.65333	2.20649e-05
2.66667	1.83615e-05
2.68	1.52466e-05
2.69333	1.26333e-05
2.70667	1.04463e-05
2.72	8.6207e-06
2.73333	7.10061e-06
2.74667	5.83798e-06
2.76	4.79183e-06
2.77333	3.92707e-06
2.78667	3.214e-06
2.8	2.62729e-06
2.81333	2.14565e-06
2.82667	1.75105e-06
2.84	1.42837e-06
2.85333	1.16496e-06
2.86667	9.50259e-07
2.88	7.75486e-07
2.89333	6.33343e-07
2.90667	5.17824e-07
2.92	4.2397e-07
2.93333	3.47716e-07
2.94667	2.85733e-07
2.96	2.35308e-07
2.97333	1.9423e-07
2.98667	1.60708e-07
3	1.33298e-07
3.01333	1.10829e-07
3.02667	9.23605e-08
3.04	7.71284e-08
3.05333	6.45346e-08
3.06667	5.40809e-08
3.08	4.53857e-08
3.09333	3.81238e-08
3.10667	3.20485e-08
3.12	2.6946e-08
3.13333	2.26581e-08
3.14667	1.90428e-08
3.16	1.59966e-08
3.17333	1.34212e-08
3.18667	1.12493e-08
3.2	9.41203e-09
3.21333	7.86367e-09
3.22667	6.5555e-09
3.24	5.45514e-09
3.25333	4.52762e-09
3.26667	3.7509e-09
3.28	3.09854e-09
3.29333	2.55471e-09
3.30667	2.0994e-09
3.32	1.72166e-09
3.33333	1.40707e-09
3.34667	1.14783e-09
3.36	9.32924e-10
3.37333	7.56875e-10
3.38667	6.11487e-10
3.4	4.93355e-10
3.41333	3.96314e-10
3.42667	3.17986e-10
3.44	2.53969e-10
3.45333	2.02663e-10
3.46667	1.60994e-10
3.48	1.27881e-10
3.49333	1.01061e-10
3.50667	7.98459e-11
3.52	6.28563e-11
3.53333	4.94733e-11
3.54667	3.88061e-11
3.56	3.04e-11
3.57333	2.37031e-11
3.58667	1.84469e-11
3.6	1.43456e-11
3.61333	1.11127e-11
3.62667	8.58592e-12
3.64	6.61873e-12
3.65333	5.08588e-12
3.66667	3.89842e-12
3.68	2.98803e-12
3.69333	2.27881e-12
3.70667	1.73116e-12
3.72	1.32448e-12
3.73333	9.99771e-13
3.74667	7.49492e-13
3.76	5.60797e-13
3.77333	4.17236e-13
3.78667	3.09396e-13
3.8	2.31566e-13
3.81333	1.695e-13
3.82667	1.21675e-13
3.84	9.18202e-14
3.85333	6.71044e-14
3.86667	4.87871e-14
3.88	3.66867e-14
3.89333	2.66162e-14
3.90667	1.91788e-14
3.92	1.47821e-14
3.93333	1.10095e-14
3.94667	7.41776e-15
3.96	6.72245e-15
3.97333	4.81888e-15
3.98667	3.2137e-15
