-4	1.42697e-15
-3.98667	1.7149e-15
-3.97333	2.01296e-15
-3.96	2.96203e-15
-3.94667	3.79183e-15
-3.93333	5.62036e-15
-3.92	7.5902e-15
-3.90667	1.09098e-14
-3.89333	1.44281e-14
-3.88	2.1145e-14
-3.86667	2.78426e-14
-3.85333	3.91067e-14
-3.84	5.45658e-14
-3.82667	7.45664e-14
-3.81333	9.89165e-14
-3.8	1.34082e-13
-3.78667	1.78532e-13
-3.77333	2.392e-13
-3.76	3.17802e-13
-3.74667	4.19274e-13
-3.73333	5.48686e-13
-3.72	7.30714e-13
-3.70667	9.58736e-13
-3.69333	1.26023e-12
-3.68	1.64398e-12
-3.66667	2.14362e-12
-3.65333	2.77125e-12
-3.64	3.58821e-12
-3.62667	4.61111e-12
-3.61333	5.92315e-12
-3.6	7.59216e-12
-3.58667	9.69722e-12
-3.57333	1.23296e-11
-3.56	1.56806e-11
-3.54667	1.98794e-11
-3.53333	2.52053e-11
-3.52	3.18302e-11
-3.50667	4.01345e-11
-3.49333	5.03737e-11
-3.48	6.32744e-11
-3.46667	7.90885e-11
-3.45333	9.89007e-11
-3.44	1.23141e-10
-3.42667	1.53338e-10
-3.41333	1.90227e-10
-3.4	2.35953e-10
-3.38667	2.9152e-10
-3.37333	3.60027e-10
-3.36	4.43131e-10
-3.34667	5.44811e-10
-3.33333	6.67624e-10
-3.32	8.16682e-10
-3.30667	9.96016e-10
-3.29333	1.2124e-09
-3.28	1.4711e-09
-3.26667	1.78068e-09
-3.25333	2.14785e-09
-3.24	2.58336e-09
-3.22667	3.09632e-09
-3.21333	3.69874e-09
-3.2	4.40088e-09
-3.18667	5.21657e-09
-3.17333	6.15545e-09
-3.16	7.23235e-09
-3.14667	8.45494e-09
-3.13333	9.83537e-09
-3.12	1.13773e-08
-3.10667	1.30874e-08
-3.09333	1.49602e-08
-3.08	1.69904e-08
-3.06667	1.91569e-08
-3.05333	2.14389e-08
-3.04	2.37924e-08
-3.02667	2.61721e-08
-3.01333	2.85054e-08
-3	3.0712e-08
-2.98667	3.26884e-08
-2.97333	3.43215e-08
-2.96	3.54773e-08
-2.94667	3.60176e-08
-2.93333	3.57957e-08
-2.92	3.46814e-08
-2.90667	3.25634e-08
-2.89333	2.93894e-08
-2.88	2.51857e-08
-2.86667	2.01144e-08
-2.85333	1.45294e-08
-2.84	9.06214e-09
-2.82667	4.72105e-09
-2.81333	3.03544e-09
-2.8	6.22516e-09
-2.78667	1.74182e-08
-2.77333	4.09379e-08
-2.76	8.26205e-08
-2.74667	1.50286e-07
-2.73333	2.54204e-07
-2.72	4.07812e-07
-2.70667	6.2839e-07
-2.69333	9.38124e-07
-2.68	1.36511e-06
-2.66667	1.94486e-06
-2.65333	2.72172e-06
-2.64	3.75104e-06
-2.62667	5.10114e-06
-2.61333	6.85628e-06
-2.6	9.11934e-06
-2.58667	1.2016e-05
-2.57333	1.5698e-05
-2.56	2.03491e-05
-2.54667	2.61895e-05
-2.53333	3.34827e-05
-2.52	4.25426e-05
-2.50667	5.37412e-05
-2.49333	6.75181e-05
-2.48	8.43904e-05
-2.46667	0.000104964
-2.45333	0.000129948
-2.44	0.000160164
-2.42667	0.000196567
-2.41333	0.000240259
-2.4	0.000292511
-2.38667	0.000354775
-2.37333	0.000428717
-2.36	0.000516231
-2.34667	0.000619467
-2.33333	0.000740861
-2.32	0.000883159
-2.30667	0.00104945
-2.29333	0.00124318
-2.28	0.00146822
-2.26667	0.00172888
-2.25333	0.00202991
-2.24	0.00237661
-2.22667	0.00277478
-2.21333	0.00323082
-2.2	0.00375174
-2.18667	0.00434517
-2.17333	0.00501943
-2.16	0.00578355
-2.14667	0.00664726
-2.13333	0.00762107
-2.12	0.00871624
-2.10667	0.0099448
-2.09333	0.0113196
-2.08	0.0128542
-2.06667	0.0145631
-2.05333	0.0164614
-2.04	0.018565
-2.02667	0.0208905
-2.01333	0.0234552
-2	0.0262768
-1.98667	0.0293739
-1.97333	0.0327652
-1.96	0.0364699
-1.94667	0.0405075
-1.93333	0.0448976
-1.92	0.0496597
-1.90667	0.0548133
-1.89333	0.0603775
-1.88	0.0663711
-1.86667	0.0728121
-1.85333	0.0797177
-1.84	0.0871042
-1.82667	0.0949868
-1.81333	0.103379
-1.8	0.112293
-1.78667	0.12174
-1.77333	0.131726
-1.76	0.14226
-1.74667	0.153345
-1.73333	0.164982
-1.72	0.177171
-1.70667	0.189907
-1.69333	0.203183
-1.68	0.216991
-1.66667	0.231317
-1.65333	0.246147
-1.64	0.26146
-1.62667	0.277235
-1.61333	0.293448
-1.6	0.310071
-1.58667	0.327072
-1.57333	0.344419
-1.56	0.362076
-1.54667	0.380003
-1.53333	0.398161
-1.52	0.416507
-1.50667	0.434996
-1.49333	0.453582
-1.48	0.472218
-1.46667	0.490855
-1.45333	0.509444
-1.44	0.527936
-1.42667	0.54628
-1.41333	0.564427
-1.4	0.582328
-1.38667	0.599934
-1.37333	0.617197
-1.36	0.63407
-1.34667	0.650508
-1.33333	0.666468
-1.32	0.681906
-1.30667	0.696784
-1.29333	0.711064
-1.28	0.724709
-1.26667	0.737687
-1.25333	0.749967
-1.24	0.76152
-1.22667	0.772323
-1.21333	0.78235
-1.2	0.791584
-1.18667	0.800006
-1.17333	0.807602
-1.16	0.814361
-1.14667	0.820273
-1.13333	0.825332
-1.12	0.829535
-1.10667	0.832881
-1.09333	0.835372
-1.08	0.837011
-1.06667	0.837805
-1.05333	0.837762
-1.04	0.836895
-1.02667	0.835216
-1.01333	0.832739
-1	0.829483
-0.986667	0.825466
-0.973333	0.820709
-0.96	0.815233
-0.946667	0.809063
-0.933333	0.802224
-0.92	0.794741
-0.906667	0.786642
-0.893333	0.777955
-0.88	0.768709
-0.866667	0.758935
-0.853333	0.748661
-0.84	0.73792
-0.826667	0.726742
-0.813333	0.715159
-0.8	0.703201
-0.786667	0.690901
-0.773333	0.678289
-0.76	0.665397
-0.746667	0.652255
-0.733333	0.638893
-0.72	0.62534
-0.706667	0.611626
-0.693333	0.597779
-0.68	0.583826
-0.666667	0.569793
-0.653333	0.555707
-0.64	0.541592
-0.626667	0.527471
-0.613333	0.513368
-0.6	0.499303
-0.586667	0.485298
-0.573333	0.471372
-0.56	0.457544
-0.546667	0.44383
-0.533333	0.430248
-0.52	0.416812
-0.506667	0.403537
-0.493333	0.390436
-0.48	0.377521
-0.466667	0.364805
-0.453333	0.352297
-0.44	0.340007
-0.426667	0.327944
-0.413333	0.316116
-0.4	0.304531
-0.386667	0.293195
-0.373333	0.282113
-0.36	0.271292
-0.346667	0.260735
-0.333333	0.250447
-0.32	0.24043
-0.306667	0.230688
-0.293333	0.221222
-0.28	0.212035
-0.266667	0.203127
-0.253333	0.194499
-0.24	0.186151
-0.226667	0.178083
-0.213333	0.170293
-0.2	0.162781
-0.186667	0.155544
-0.173333	0.148582
-0.16	0.14189
-0.146667	0.135466
-0.133333	0.129308
-0.12	0.12341
-0.106667	0.11777
-0.0933333	0.112383
-0.08	0.107245
-0.0666667	0.102351
-0.0533333	0.0976953
-0.04	0.093274
-0.0266667	0.0890814
-0.0133333	0.0851121
0	0.0813608
0.0133333	0.077822
0.0266667	0.0744902
0.04	0.0713598
0.0533333	0.0684253
0.0666667	0.0656815
0.08	0.0631229
0.0933333	0.0607442
0.106667	0.0585406
0.12	0.0565068
0.133333	0.0546383
0.146667	0.0529304
0.16	0.0513787
0.173333	0.0499789
0.186667	0.048727
0.2	0.0476192
0.213333	0.046652
0.226667	0.0458217
0.24	0.0451253
0.253333	0.0445597
0.266667	0.0441218
0.28	0.0438091
0.293333	0.0436188
0.306667	0.0435485
0.32	0.0435957
0.333333	0.043758
0.346667	0.0440332
0.36	0.0444189
0.373333	0.0449127
0.386667	0.0455123
0.4	0.0462153
0.413333	0.047019
0.426667	0.0479209
0.44	0.048918
0.453333	0.0500074
0.466667	0.0511859
0.48	0.0524501
0.493333	0.0537964
0.506667	0.0552207
0.52	0.0567191
0.533333	0.058287
0.546667	0.0599198
0.56	0.0616124
0.573333	0.0633597
0.586667	0.0651561
0.6	0.0669958
0.613333	0.0688728
0.626667	0.0707808
0.64	0.0727134
0.653333	0.0746638
0.666667	0.0766252
0.68	0.0785907
0.693333	0.080553
0.706667	0.0825051
0.72	0.0844396
0.733333	0.0863493
0.746667	0.088227
0.76	0.0900654
0.773333	0.0918575
0.786667	0.0935963
0.8	0.095275
0.813333	0.0968868
0.826667	0.0984255
0.84	0.0998849
0.853333	0.101259
0.866667	0.102543
0.88	0.10373
0.893333	0.104818
0.906667	0.1058
0.92	0.106673
0.933333	0.107433
0.946667	0.108078
0.96	0.108605
0.973333	0.109011
0.986667	0.109295
1	0.109455
1.01333	0.109492
1.02667	0.109405
1.04	0.109193
1.05333	0.108859
1.06667	0.108402
1.08	0.107825
1.09333	0.10713
1.10667	0.106318
1.12	0.105394
1.13333	0.104359
1.14667	0.103219
1.16	0.101976
1.17333	0.100635
1.18667	0.0991999
1.2	0.0976762
1.21333	0.0960685
1.22667	0.0943819
1.24	0.0926219
1.25333	0.0907938
1.26667	0.0889032
1.28	0.0869559
1.29333	0.0849575
1.30667	0.0829139
1.32	0.0808309
1.33333	0.0787142
1.34667	0.0765695
1.36	0.0744027
1.37333	0.0722192
1.38667	0.0700247
1.4	0.0678243
1.41333	0.0656234
1.42667	0.063427
1.44	0.06124
1.45333	0.0590669
1.46667	0.0569123
1.48	0.0547803
1.49333	0.0526748
1.50667	0.0505996
1.52	0.048558
1.53333	0.0465531
1.54667	0.0445879
1.56	0.0426648
1.57333	0.0407861
1.58667	0.0389539
1.6	0.0371698
1.61333	0.0354353
1.62667	0.0337515
1.64	0.0321194
1.65333	0.0305395
1.66667	0.0290123
1.68	0.027538
1.69333	0.0261166
1.70667	0.0247478
1.72	0.0234312
1.73333	0.0221663
1.74667	0.0209524
1.76	0.0197885
1.77333	0.0186738
1.78667	0.0176072
1.8	0.0165876
1.81333	0.0156136
1.82667	0.0146841
1.84	0.0137978
1.85333	0.0129532
1.86667	0.0121491
1.88	0.0113841
1.89333	0.0106568
1.90667	0.00996581
1.92	0.00930988
1.93333	0.00868765
1.94667	0.00809785
1.96	0.00753922
1.97333	0.00701055
1.98667	0.00651064
2	0.00603837
2.01333	0.00559262
2.02667	0.00517232
2.04	0.00477645
2.05333	0.00440402
2.06667	0.00405405
2.08	0.00372562
2.09333	0.00341783
2.10667	0.00312981
2.12	0.0028607
2.13333	0.00260968
2.14667	0.00237593
2.16	0.00215868
2.17333	0.00195715
2.18667	0.00177057
2.2	0.0015982
2.21333	0.00143932
2.22667	0.0012932
2.24	0.00115914
2.25333	0.00103644
2.26667	0.000924429
2.28	0.000822441
2.29333	0.000729827
2.30667	0.000645958
2.32	0.000570221
2.33333	0.000502023
2.34667	0.000440793
2.36	0.000385981
2.37333	0.000337063
2.38667	0.000293537
2.4	0.000254927
2.41333	0.000220784
2.42667	0.000190686
2.44	0.000164235
2.45333	0.000141064
2.46667	0.000120828
2.48	0.000103212
2.49333	8.79252e-05
2.50667	7.47001e-05
2.52	6.32945e-05
2.53333	5.34884e-05
2.54667	4.50834e-05
2.56	3.79011e-05
2.57333	3.1782e-05
2.58667	2.65842e-05
2.6	2.21818e-05
2.61333	1.84639e-05
2.62667	1.53327e-05
2.64	1.27031e-05
2.65333	1.05006e-05
2.66667	8.66083e-06
2.68	7.12788e-06
2.69333	5.85388e-06
2.70667	4.79764e-06
2.72	3.92403e-06
2.73333	3.20316e-06
2.74667	2.60965e-06
2.76	2.12206e-06
2.77333	1.72232e-06
2.78667	1.39528e-06
2.8	1.12826e-06
2.81333	9.10652e-07
2.82667	7.33667e-07
2.84	5.89964e-07
2.85333	4.73517e-07
2.86667	3.79309e-07
2.88	3.0325e-07
2.89333	2.41937e-07
2.90667	1.92617e-07
2.92	1.53007e-07
2.93333	1.2127e-07
2.94667	9.58796e-08
2.96	7.56218e-08
2.97333	5.94839e-08
2.98667	4.66659e-08
3	3.65035e-08
3.01333	2.84723e-08
3.02667	2.21381e-08
3.04	1.71587e-08
3.05333	1.32535e-08
3.06667	1.02027e-08
3.08	7.82426e-09
3.09333	5.97901e-09
3.10667	4.54962e-09
3.12	3.44837e-09
3.13333	2.60135e-09
3.14667	1.95404e-09
3.16	1.45991e-09
3.17333	1.08545e-09
3.18667	8.01805e-10
3.2	5.89072e-10
3.21333	4.2929e-10
3.22667	3.10818e-10
3.24	2.22843e-10
3.25333	1.58425e-10
3.26667	1.11325e-10
3.28	7.74524e-11
3.29333	5.31057e-11
3.30667	3.59559e-11
3.32	2.38956e-11
3.33333	1.56461e-11
3.34667	1.00388e-11
3.36	6.34047e-12
3.37333	3.94516e-12
3.38667	2.44294e-12
3.4	1.53173e-12
3.41333	1.01409e-12
3.42667	7.28327e-13
3.44	5.90294e-13
3.45333	5.22385e-13
3.46667	4.94578e-13
3.48	4.78705e-13
3.49333	4.61597e-13
3.50667	4.39834e-13
3.52	4.07613e-13
3.53333	3.67578e-13
3.54667	3.22538e-13
3.56	2.7899e-13
3.57333	2.31276e-13
3.58667	1.90362e-13
3.6	1.48344e-13
3.61333	1.15574e-13
3.62667	8.70832e-14
3.64	6.56617e-14
3.65333	4.71748e-14
3.66667	3.471e-14
3.68	2.34986e-14
3.69333	1.63512e-14
3.70667	1.0393e-14
3.72	6.38206e-15
3.73333	3.46243e-15
3.74667	2.24996e-15
3.76	8.82868e-16
3.77333	4.37011e-16
3.78667	7.13067e-17
3.8	3.58283e-17
3.81333	6.08624e-17
3.82667	5.3745e-17
3.84	3.05302e-16
3.85333	2.94308e-16
3.86667	3.9265e-16
3.88	4.26734e-16
3.89333	5.31236e-16
3.90667	3.40312e-16
3.92	5.48369e-16
3.93333	4.04789e-16
3.94667	3.5743e-16
3.96	3.79061e-16
3.97333	4.11029e-16
3.98667	1.58226e-16
