-4	1.2991e-15
-3.98667	1.59907e-15
-3.97333	2.30073e-15
-3.96	2.79899e-15
-3.94667	4.18464e-15
-3.93333	5.53361e-15
-3.92	7.84304e-15
-3.90667	1.05839e-14
-3.89333	1.49578e-14
-3.88	2.01535e-14
-3.86667	2.75427e-14
-3.85333	3.69022e-14
-3.84	5.07364e-14
-3.82667	6.80143e-14
-3.81333	9.21504e-14
-3.8	1.22271e-13
-3.78667	1.63469e-13
-3.77333	2.17054e-13
-3.76	2.88697e-13
-3.74667	3.77933e-13
-3.73333	4.94608e-13
-3.72	6.47093e-13
-3.70667	8.41102e-13
-3.69333	1.09357e-12
-3.68	1.41215e-12
-3.66667	1.81877e-12
-3.65333	2.33002e-12
-3.64	2.9842e-12
-3.62667	3.79145e-12
-3.61333	4.81836e-12
-3.6	6.10111e-12
-3.58667	7.69806e-12
-3.57333	9.66881e-12
-3.56	1.21034e-11
-3.54667	1.50814e-11
-3.53333	1.87539e-11
-3.52	2.32505e-11
-3.50667	2.87296e-11
-3.49333	3.5401e-11
-3.48	4.3542e-11
-3.46667	5.34021e-11
-3.45333	6.53728e-11
-3.44	7.97957e-11
-3.42667	9.71963e-11
-3.41333	1.18055e-10
-3.4	1.43085e-10
-3.38667	1.72927e-10
-3.37333	2.08479e-10
-3.36	2.50716e-10
-3.34667	3.00848e-10
-3.33333	3.60058e-10
-3.32	4.29875e-10
-3.30667	5.12147e-10
-3.29333	6.08662e-10
-3.28	7.22077e-10
-3.26667	8.54841e-10
-3.25333	1.01022e-09
-3.24	1.19186e-09
-3.22667	1.40488e-09
-3.21333	1.65447e-09
-3.2	1.94848e-09
-3.18667	2.29558e-09
-3.17333	2.7084e-09
-3.16	3.20213e-09
-3.14667	3.79854e-09
-3.13333	4.52545e-09
-3.12	5.42115e-09
-3.10667	6.53711e-09
-3.09333	7.94384e-09
-3.08	9.73419e-09
-3.06667	1.20354e-08
-3.05333	1.50157e-08
-3.04	1.89017e-08
-3.02667	2.39918e-08
-3.01333	3.06838e-08
-3	3.94969e-08
-2.98667	5.11134e-08
-2.97333	6.64176e-08
-2.96	8.65633e-08
-2.94667	1.13024e-07
-2.93333	1.47706e-07
-2.92	1.93021e-07
-2.90667	2.52056e-07
-2.89333	3.28686e-07
-2.88	4.2782e-07
-2.86667	5.55574e-07
-2.85333	7.19616e-07
-2.84	9.29437e-07
-2.82667	1.19684e-06
-2.81333	1.53629e-06
-2.8	1.96567e-06
-2.78667	2.50672e-06
-2.77333	3.18607e-06
-2.76	4.03595e-06
-2.74667	5.09551e-06
-2.73333	6.41181e-06
-2.72	8.0416e-06
-2.70667	1.00527e-05
-2.69333	1.25263e-05
-2.68	1.55587e-05
-2.66667	1.92648e-05
-2.65333	2.37798e-05
-2.64	2.92636e-05
-2.62667	3.59039e-05
-2.61333	4.3921e-05
-2.6	5.3572e-05
-2.58667	6.51566e-05
-2.57333	7.90227e-05
-2.56	9.55734e-05
-2.54667	0.000115274
-2.53333	0.00013866
-2.52	0.000166346
-2.50667	0.000199036
-2.49333	0.000237533
-2.48	0.000282749
-2.46667	0.000335721
-2.45333	0.000397619
-2.44	0.000469765
-2.42667	0.000553644
-2.41333	0.000650919
-2.4	0.00076345
-2.38667	0.00089331
-2.37333	0.0010428
-2.36	0.00121447
-2.34667	0.00141113
-2.33333	0.00163588
-2.32	0.00189211
-2.30667	0.00218355
-2.29333	0.00251425
-2.28	0.00288862
-2.26667	0.00331142
-2.25333	0.00378782
-2.24	0.00432338
-2.22667	0.00492405
-2.21333	0.00559623
-2.2	0.00634671
-2.18667	0.00718274
-2.17333	0.00811198
-2.16	0.00914255
-2.14667	0.010283
-2.13333	0.0115422
-2.12	0.0129296
-2.10667	0.014455
-2.09333	0.0161284
-2.08	0.0179605
-2.06667	0.019962
-2.05333	0.0221442
-2.04	0.0245184
-2.02667	0.0270964
-2.01333	0.02989
-2	0.0329113
-1.98667	0.0361724
-1.97333	0.0396857
-1.96	0.0434633
-1.94667	0.0475175
-1.93333	0.0518604
-1.92	0.056504
-1.90667	0.0614601
-1.89333	0.0667402
-1.88	0.0723553
-1.86667	0.0783163
-1.85333	0.0846334
-1.84	0.0913162
-1.82667	0.098374
-1.81333	0.105815
-1.8	0.113647
-1.78667	0.121876
-1.77333	0.130509
-1.76	0.139551
-1.74667	0.149004
-1.73333	0.158872
-1.72	0.169156
-1.70667	0.179857
-1.69333	0.190972
-1.68	0.2025
-1.66667	0.214436
-1.65333	0.226775
-1.64	0.239509
-1.62667	0.25263
-1.61333	0.266127
-1.6	0.279987
-1.58667	0.294197
-1.57333	0.308741
-1.56	0.323601
-1.54667	0.338759
-1.53333	0.354192
-1.52	0.369878
-1.50667	0.385793
-1.49333	0.401911
-1.48	0.418203
-1.46667	0.434641
-1.45333	0.451193
-1.44	0.467827
-1.42667	0.484511
-1.41333	0.501208
-1.4	0.517885
-1.38667	0.534503
-1.37333	0.551026
-1.36	0.567417
-1.34667	0.583636
-1.33333	0.599645
-1.32	0.615406
-1.30667	0.63088
-1.29333	0.646029
-1.28	0.660816
-1.26667	0.675204
-1.25333	0.689156
-1.24	0.702639
-1.22667	0.715617
-1.21333	0.72806
-1.2	0.739936
-1.18667	0.751216
-1.17333	0.761875
-1.16	0.771886
-1.14667	0.781228
-1.13333	0.789879
-1.12	0.797823
-1.10667	0.805042
-1.09333	0.811525
-1.08	0.817259
-1.06667	0.822238
-1.05333	0.826456
-1.04	0.829909
-1.02667	0.832596
-1.01333	0.834521
-1	0.835687
-0.986667	0.8361
-0.973333	0.835769
-0.96	0.834706
-0.946667	0.832923
-0.933333	0.830435
-0.92	0.827258
-0.906667	0.823412
-0.893333	0.818915
-0.88	0.81379
-0.866667	0.808057
-0.853333	0.801743
-0.84	0.79487
-0.826667	0.787464
-0.813333	0.779553
-0.8	0.771162
-0.786667	0.762318
-0.773333	0.753051
-0.76	0.743387
-0.746667	0.733354
-0.733333	0.722981
-0.72	0.712295
-0.706667	0.701324
-0.693333	0.690095
-0.68	0.678636
-0.666667	0.666973
-0.653333	0.655131
-0.64	0.643136
-0.626667	0.631013
-0.613333	0.618785
-0.6	0.606475
-0.586667	0.594106
-0.573333	0.581698
-0.56	0.569273
-0.546667	0.556848
-0.533333	0.544443
-0.52	0.532075
-0.506667	0.519761
-0.493333	0.507514
-0.48	0.495351
-0.466667	0.483283
-0.453333	0.471324
-0.44	0.459485
-0.426667	0.447775
-0.413333	0.436204
-0.4	0.424781
-0.386667	0.413513
-0.373333	0.402407
-0.36	0.391468
-0.346667	0.380703
-0.333333	0.370115
-0.32	0.359707
-0.306667	0.349484
-0.293333	0.339447
-0.28	0.329599
-0.266667	0.31994
-0.253333	0.310471
-0.24	0.301193
-0.226667	0.292107
-0.213333	0.28321
-0.2	0.274504
-0.186667	0.265987
-0.173333	0.257658
-0.16	0.249514
-0.146667	0.241556
-0.133333	0.23378
-0.12	0.226185
-0.106667	0.21877
-0.0933333	0.21153
-0.08	0.204466
-0.0666667	0.197573
-0.0533333	0.19085
-0.04	0.184294
-0.0266667	0.177904
-0.0133333	0.171675
0	0.165607
0.0133333	0.159697
0.0266667	0.153942
0.04	0.148339
0.0533333	0.142888
0.0666667	0.137585
0.08	0.132427
0.0933333	0.127414
0.106667	0.122542
0.12	0.117811
0.133333	0.113216
0.146667	0.108758
0.16	0.104433
0.173333	0.10024
0.186667	0.0961773
0.2	0.092243
0.213333	0.0884353
0.226667	0.0847528
0.24	0.0811937
0.253333	0.0777564
0.266667	0.0744396
0.28	0.0712415
0.293333	0.0681609
0.306667	0.0651961
0.32	0.0623456
0.333333	0.059608
0.346667	0.0569818
0.36	0.0544653
0.373333	0.0520571
0.386667	0.0497554
0.4	0.0475586
0.413333	0.045465
0.426667	0.0434726
0.44	0.0415796
0.453333	0.039784
0.466667	0.0380837
0.48	0.0364766
0.493333	0.0349603
0.506667	0.0335325
0.52	0.0321907
0.533333	0.0309323
0.546667	0.0297546
0.56	0.0286548
0.573333	0.0276301
0.586667	0.0266775
0.6	0.0257939
0.613333	0.0249762
0.626667	0.0242212
0.64	0.0235256
0.653333	0.0228862
0.666667	0.0222995
0.68	0.0217622
0.693333	0.0212709
0.706667	0.0208223
0.72	0.0204129
0.733333	0.0200394
0.746667	0.0196985
0.76	0.0193869
0.773333	0.0191015
0.786667	0.0188392
0.8	0.0185969
0.813333	0.0183718
0.826667	0.018161
0.84	0.017962
0.853333	0.0177722
0.866667	0.0175892
0.88	0.0174109
0.893333	0.0172352
0.906667	0.0170603
0.92	0.0168845
0.933333	0.0167062
0.946667	0.0165241
0.96	0.0163371
0.973333	0.0161443
0.986667	0.0159447
1	0.0157379
1.01333	0.0155233
1.02667	0.0153007
1.04	0.0150699
1.05333	0.0148309
1.06667	0.0145838
1.08	0.014329
1.09333	0.0140668
1.10667	0.0137977
1.12	0.0135222
1.13333	0.0132411
1.14667	0.012955
1.16	0.0126646
1.17333	0.0123709
1.18667	0.0120746
1.2	0.0117766
1.21333	0.0114778
1.22667	0.0111791
1.24	0.0108812
1.25333	0.0105851
1.26667	0.0102915
1.28	0.0100012
1.29333	0.00971494
1.30667	0.00943337
1.32	0.00915712
1.33333	0.00888673
1.34667	0.0086227
1.36	0.00836545
1.37333	0.00811534
1.38667	0.00787266
1.4	0.00763762
1.41333	0.00741037
1.42667	0.00719099
1.44	0.00697949
1.45333	0.00677582
1.46667	0.00657987
1.48	0.00639147
1.49333	0.0062104
1.50667	0.00603639
1.52	0.00586915
1.53333	0.00570833
1.54667	0.00555356
1.56	0.00540445
1.57333	0.00526059
1.58667	0.00512157
1.6	0.00498696
1.61333	0.00485636
1.62667	0.00472934
1.64	0.00460551
1.65333	0.0044845
1.66667	0.00436594
1.68	0.00424951
1.69333	0.00413491
1.70667	0.00402186
1.72	0.00391013
1.73333	0.00379951
1.74667	0.00368985
1.76	0.00358099
1.77333	0.00347284
1.78667	0.00336534
1.8	0.00325843
1.81333	0.00315211
1.82667	0.0030464
1.84	0.00294133
1.85333	0.00283696
1.86667	0.00273337
1.88	0.00263064
1.89333	0.00252888
1.90667	0.00242819
1.92	0.0023287
1.93333	0.00223053
1.94667	0.00213379
1.96	0.00203861
1.97333	0.0019451
1.98667	0.00185339
2	0.00176359
2.01333	0.00167578
2.02667	0.00159008
2.04	0.00150657
2.05333	0.00142533
2.06667	0.00134644
2.08	0.00126994
2.09333	0.00119591
2.10667	0.00112437
2.12	0.00105537
2.13333	0.000988944
2.14667	0.000925099
2.16	0.000863849
2.17333	0.000805198
2.18667	0.000749143
2.2	0.000695671
2.21333	0.000644763
2.22667	0.000596395
2.24	0.000550535
2.25333	0.000507145
2.26667	0.00046618
2.28	0.000427592
2.29333	0.000391326
2.30667	0.000357322
2.32	0.000325515
2.33333	0.000295837
2.34667	0.000268215
2.36	0.000242573
2.37333	0.000218833
2.38667	0.000196912
2.4	0.000176727
2.41333	0.000158192
2.42667	0.000141223
2.44	0.000125731
2.45333	0.00011163
2.46667	9.88334e-05
2.48	8.72569e-05
2.49333	7.68163e-05
2.50667	6.74297e-05
2.52	5.90175e-05
2.53333	5.15028e-05
2.54667	4.48116e-05
2.56	3.88733e-05
2.57333	3.36203e-05
2.58667	2.89892e-05
2.6	2.49199e-05
2.61333	2.13563e-05
2.62667	1.82461e-05
2.64	1.55409e-05
2.65333	1.31959e-05
2.66667	1.11701e-05
2.68	9.42611e-06
2.69333	7.92976e-06
2.70667	6.65033e-06
2.72	5.56011e-06
2.73333	4.63429e-06
2.74667	3.85077e-06
2.76	3.18994e-06
2.77333	2.63449e-06
2.78667	2.16918e-06
2.8	1.78071e-06
2.81333	1.45747e-06
2.82667	1.1894e-06
2.84	9.67839e-07
2.85333	7.85294e-07
2.86667	6.35407e-07
2.88	5.12712e-07
2.89333	4.12612e-07
2.90667	3.31189e-07
2.92	2.65173e-07
2.93333	2.11803e-07
2.94667	1.68791e-07
2.96	1.3422e-07
2.97333	1.06517e-07
2.98667	8.43725e-08
3	6.67217e-08
3.01333	5.26827e-08
3.02667	4.15463e-08
3.04	3.2729e-08
3.05333	2.57634e-08
3.06667	2.02688e-08
3.08	1.59433e-08
3.09333	1.25406e-08
3.10667	9.86882e-09
3.12	7.77046e-09
3.13333	6.12509e-09
3.14667	4.83356e-09
3.16	3.82089e-09
3.17333	3.02573e-09
3.18667	2.40156e-09
3.2	1.91037e-09
3.21333	1.52404e-09
3.22667	1.21885e-09
3.24	9.77809e-10
3.25333	7.86547e-10
3.26667	6.34593e-10
3.28	5.1343e-10
3.29333	4.16576e-10
3.30667	3.38837e-10
3.32	2.76269e-10
3.33333	2.25659e-10
3.34667	1.84652e-10
3.36	1.5131e-10
3.37333	1.24068e-10
3.38667	1.0182e-10
3.4	8.35486e-11
3.41333	6.85302e-11
3.42667	5.62006e-11
3.44	4.60261e-11
3.45333	3.76478e-11
3.46667	3.07497e-11
3.48	2.50652e-11
3.49333	2.03708e-11
3.50667	1.65268e-11
3.52	1.33401e-11
3.53333	1.0747e-11
3.54667	8.61462e-12
3.56	6.88001e-12
3.57333	5.46212e-12
3.58667	4.32462e-12
3.6	3.39935e-12
3.61333	2.67204e-12
3.62667	2.08593e-12
3.64	1.62224e-12
3.65333	1.2527e-12
3.66667	9.63004e-13
3.68	7.30449e-13
3.69333	5.54171e-13
3.70667	4.14758e-13
3.72	3.09934e-13
3.73333	2.30207e-13
3.74667	1.7083e-13
3.76	1.24121e-13
3.77333	9.13698e-14
3.78667	6.61135e-14
3.8	4.76789e-14
3.81333	3.43747e-14
3.82667	2.46199e-14
3.84	1.72114e-14
3.85333	1.23992e-14
3.86667	8.91016e-15
3.88	6.08861e-15
3.89333	4.33635e-15
3.90667	3.02455e-15
3.92	2.0061e-15
3.93333	1.38925e-15
3.94667	1.01966e-15
3.96	6.59362e-16
3.97333	4.81954e-16
3.98667	3.38096e-16
