-4	2.11592e-13
-3.98667	2.63683e-13
-3.97333	3.50713e-13
-3.96	4.09164e-13
-3.94667	5.40318e-13
-3.93333	6.81934e-13
-3.92	8.59462e-13
-3.90667	1.08669e-12
-3.89333	1.4347e-12
-3.88	1.73691e-12
-3.86667	2.23534e-12
-3.85333	2.76827e-12
-3.84	3.42104e-12
-3.82667	4.16991e-12
-3.81333	5.18256e-12
-3.8	6.17336e-12
-3.78667	7.48371e-12
-3.77333	8.8809e-12
-3.76	1.04504e-11
-3.74667	1.21544e-11
-3.73333	1.41549e-11
-3.72	1.60984e-11
-3.70667	1.82671e-11
-3.69333	2.04438e-11
-3.68	2.26899e-11
-3.66667	2.47825e-11
-3.65333	2.69461e-11
-3.64	2.87635e-11
-3.62667	3.04477e-11
-3.61333	3.17859e-11
-3.6	3.30721e-11
-3.58667	3.37981e-11
-3.57333	3.46708e-11
-3.56	3.53748e-11
-3.54667	3.63351e-11
-3.53333	3.75814e-11
-3.52	4.01956e-11
-3.50667	4.38394e-11
-3.49333	5.01925e-11
-3.48	5.96333e-11
-3.46667	7.37179e-11
-3.45333	9.33414e-11
-3.44	1.21072e-10
-3.42667	1.58616e-10
-3.41333	2.08988e-10
-3.4	2.75891e-10
-3.38667	3.64043e-10
-3.37333	4.79209e-10
-3.36	6.28543e-10
-3.34667	8.2412e-10
-3.33333	1.07554e-09
-3.32	1.4029e-09
-3.30667	1.82544e-09
-3.29333	2.374e-09
-3.28	3.07906e-09
-3.26667	3.99393e-09
-3.25333	5.16692e-09
-3.24	6.68058e-09
-3.22667	8.61802e-09
-3.21333	1.11053e-08
-3.2	1.42712e-08
-3.18667	1.83083e-08
-3.17333	2.34239e-08
-3.16	2.98954e-08
-3.14667	3.80365e-08
-3.13333	4.82531e-08
-3.12	6.09919e-08
-3.10667	7.68109e-08
-3.09333	9.63523e-08
-3.08	1.20351e-07
-3.06667	1.49665e-07
-3.05333	1.85265e-07
-3.04	2.28253e-07
-3.02667	2.79829e-07
-3.01333	3.41343e-07
-3	4.14253e-07
-2.98667	5.00088e-07
-2.97333	6.00505e-07
-2.96	7.17149e-07
-2.94667	8.51708e-07
-2.93333	1.00571e-06
-2.92	1.18072e-06
-2.90667	1.37787e-06
-2.89333	1.59823e-06
-2.88	1.84219e-06
-2.86667	2.10993e-06
-2.85333	2.40056e-06
-2.84	2.71277e-06
-2.82667	3.04391e-06
-2.81333	3.39047e-06
-2.8	3.74737e-06
-2.78667	4.10845e-06
-2.77333	4.46577e-06
-2.76	4.81022e-06
-2.74667	5.13084e-06
-2.73333	5.41603e-06
-2.72	5.65236e-06
-2.70667	5.82682e-06
-2.69333	5.92539e-06
-2.68	5.93623e-06
-2.66667	5.84831e-06
-2.65333	5.65588e-06
-2.64	5.35751e-06
-2.62667	4.96113e-06
-2.61333	4.48464e-06
-2.6	3.96126e-06
-2.58667	3.44211e-06
-2.57333	3.00201e-06
-2.56	2.74439e-06
-2.54667	2.80778e-06
-2.53333	3.37262e-06
-2.52	4.66894e-06
-2.50667	6.98465e-06
-2.49333	1.0675e-05
-2.48	1.61718e-05
-2.46667	2.3995e-05
-2.45333	3.47628e-05
-2.44	4.92037e-05
-2.42667	6.81683e-05
-2.41333	9.26413e-05
-2.4	0.000123754
-2.38667	0.000162798
-2.37333	0.000211235
-2.36	0.000270715
-2.34667	0.000343079
-2.33333	0.000430381
-2.32	0.000534891
-2.30667	0.00065911
-2.29333	0.000805779
-2.28	0.000977887
-2.26667	0.00117869
-2.25333	0.00141169
-2.24	0.00168068
-2.22667	0.00198973
-2.21333	0.0023432
-2.2	0.00274571
-2.18667	0.00320222
-2.17333	0.00371797
-2.16	0.00429849
-2.14667	0.00494962
-2.13333	0.00567752
-2.12	0.00648865
-2.10667	0.00738978
-2.09333	0.008388
-2.08	0.00949069
-2.06667	0.0107056
-2.05333	0.0120406
-2.04	0.0135042
-2.02667	0.0151049
-2.01333	0.0168517
-2	0.0187538
-1.98667	0.0208206
-1.97333	0.023062
-1.96	0.025488
-1.94667	0.0281088
-1.93333	0.030935
-1.92	0.0339773
-1.90667	0.0372464
-1.89333	0.0407534
-1.88	0.0445094
-1.86667	0.0485254
-1.85333	0.0528126
-1.84	0.057382
-1.82667	0.0622444
-1.81333	0.0674104
-1.8	0.0728904
-1.78667	0.0786943
-1.77333	0.0848314
-1.76	0.0913105
-1.74667	0.0981397
-1.73333	0.105326
-1.72	0.112876
-1.70667	0.120794
-1.69333	0.129084
-1.68	0.137749
-1.66667	0.146789
-1.65333	0.156204
-1.64	0.165991
-1.62667	0.176145
-1.61333	0.18666
-1.6	0.197528
-1.58667	0.208737
-1.57333	0.220274
-1.56	0.232123
-1.54667	0.244268
-1.53333	0.256687
-1.52	0.269358
-1.50667	0.282257
-1.49333	0.295356
-1.48	0.308625
-1.46667	0.322033
-1.45333	0.335548
-1.44	0.349132
-1.42667	0.362751
-1.41333	0.376366
-1.4	0.389937
-1.38667	0.403424
-1.37333	0.416785
-1.36	0.429981
-1.34667	0.442967
-1.33333	0.455704
-1.32	0.468149
-1.30667	0.480262
-1.29333	0.492002
-1.28	0.503332
-1.26667	0.514214
-1.25333	0.524611
-1.24	0.534491
-1.22667	0.543821
-1.21333	0.552572
-1.2	0.560716
-1.18667	0.568229
-1.17333	0.575088
-1.16	0.581276
-1.14667	0.586776
-1.13333	0.591574
-1.12	0.59566
-1.10667	0.599027
-1.09333	0.601672
-1.08	0.603592
-1.06667	0.604789
-1.05333	0.605269
-1.04	0.605039
-1.02667	0.604109
-1.01333	0.602491
-1	0.600201
-0.986667	0.597257
-0.973333	0.593679
-0.96	0.589487
-0.946667	0.584706
-0.933333	0.57936
-0.92	0.573477
-0.906667	0.567085
-0.893333	0.560211
-0.88	0.552887
-0.866667	0.545142
-0.853333	0.537009
-0.84	0.528517
-0.826667	0.5197
-0.813333	0.510589
-0.8	0.501215
-0.786667	0.491609
-0.773333	0.481802
-0.76	0.471824
-0.746667	0.461704
-0.733333	0.451472
-0.72	0.441154
-0.706667	0.430778
-0.693333	0.420368
-0.68	0.409949
-0.666667	0.399545
-0.653333	0.389176
-0.64	0.378864
-0.626667	0.368629
-0.613333	0.358486
-0.6	0.348454
-0.586667	0.338548
-0.573333	0.328781
-0.56	0.319167
-0.546667	0.309716
-0.533333	0.300439
-0.52	0.291345
-0.506667	0.282442
-0.493333	0.273738
-0.48	0.265237
-0.466667	0.256946
-0.453333	0.248868
-0.44	0.241007
-0.426667	0.233366
-0.413333	0.225948
-0.4	0.218753
-0.386667	0.211784
-0.373333	0.205042
-0.36	0.198526
-0.346667	0.192237
-0.333333	0.186176
-0.32	0.180342
-0.306667	0.174735
-0.293333	0.169356
-0.28	0.164203
-0.266667	0.159277
-0.253333	0.154578
-0.24	0.150105
-0.226667	0.145858
-0.213333	0.141838
-0.2	0.138043
-0.186667	0.134476
-0.173333	0.131134
-0.16	0.128019
-0.146667	0.125131
-0.133333	0.12247
-0.12	0.120036
-0.106667	0.117828
-0.0933333	0.115848
-0.08	0.114094
-0.0666667	0.112567
-0.0533333	0.111267
-0.04	0.110192
-0.0266667	0.109342
-0.0133333	0.108716
0	0.108313
0.0133333	0.108132
0.0266667	0.108171
0.04	0.108428
0.0533333	0.108902
0.0666667	0.109591
0.08	0.110491
0.0933333	0.111602
0.106667	0.112918
0.12	0.114439
0.133333	0.11616
0.146667	0.118078
0.16	0.120189
0.173333	0.12249
0.186667	0.124976
0.2	0.127644
0.213333	0.130488
0.226667	0.133503
0.24	0.136686
0.253333	0.14003
0.266667	0.14353
0.28	0.14718
0.293333	0.150973
0.306667	0.154904
0.32	0.158965
0.333333	0.163149
0.346667	0.167448
0.36	0.171855
0.373333	0.176361
0.386667	0.180956
0.4	0.185632
0.413333	0.190379
0.426667	0.195188
0.44	0.200046
0.453333	0.204945
0.466667	0.209873
0.48	0.214819
0.493333	0.219771
0.506667	0.224718
0.52	0.229647
0.533333	0.234548
0.546667	0.239409
0.56	0.244218
0.573333	0.248963
0.586667	0.253633
0.6	0.258217
0.613333	0.262704
0.626667	0.267085
0.64	0.271348
0.653333	0.275485
0.666667	0.279487
0.68	0.283344
0.693333	0.28705
0.706667	0.290596
0.72	0.293976
0.733333	0.297184
0.746667	0.300213
0.76	0.30306
0.773333	0.305719
0.786667	0.308186
0.8	0.310457
0.813333	0.31253
0.826667	0.314402
0.84	0.316069
0.853333	0.317531
0.866667	0.318785
0.88	0.31983
0.893333	0.320664
0.906667	0.321287
0.92	0.321697
0.933333	0.321893
0.946667	0.321874
0.96	0.321641
0.973333	0.321191
0.986667	0.320524
1	0.319639
1.01333	0.318535
1.02667	0.317213
1.04	0.31567
1.05333	0.313906
1.06667	0.311922
1.08	0.309715
1.09333	0.307287
1.10667	0.304637
1.12	0.301765
1.13333	0.298672
1.14667	0.295359
1.16	0.291827
1.17333	0.288079
1.18667	0.284118
1.2	0.279946
1.21333	0.275569
1.22667	0.27099
1.24	0.266216
1.25333	0.261253
1.26667	0.25611
1.28	0.250794
1.29333	0.245315
1.30667	0.239684
1.32	0.233911
1.33333	0.228009
1.34667	0.221991
1.36	0.215869
1.37333	0.209659
1.38667	0.203376
1.4	0.197033
1.41333	0.190646
1.42667	0.184232
1.44	0.177806
1.45333	0.171383
1.46667	0.164978
1.48	0.158608
1.49333	0.152286
1.50667	0.146026
1.52	0.139843
1.53333	0.133748
1.54667	0.127755
1.56	0.121873
1.57333	0.116113
1.58667	0.110485
1.6	0.104996
1.61333	0.0996545
1.62667	0.0944658
1.64	0.0894357
1.65333	0.0845683
1.66667	0.0798671
1.68	0.0753346
1.69333	0.0709725
1.70667	0.0667815
1.72	0.0627618
1.73333	0.0589129
1.74667	0.0552334
1.76	0.0517217
1.77333	0.0483753
1.78667	0.0451915
1.8	0.0421671
1.81333	0.0392985
1.82667	0.0365817
1.84	0.0340126
1.85333	0.0315869
1.86667	0.0292998
1.88	0.0271466
1.89333	0.0251225
1.90667	0.0232224
1.92	0.0214413
1.93333	0.0197742
1.94667	0.0182158
1.96	0.0167613
1.97333	0.0154054
1.98667	0.0141433
2	0.0129699
2.01333	0.0118805
2.02667	0.0108704
2.04	0.00993494
2.05333	0.00906966
2.06667	0.00827025
2.08	0.00753257
2.09333	0.00685261
2.10667	0.00622656
2.12	0.00565077
2.13333	0.00512177
2.14667	0.00463628
2.16	0.00419119
2.17333	0.00378358
2.18667	0.00341068
2.2	0.00306992
2.21333	0.00275887
2.22667	0.00247529
2.24	0.00221705
2.25333	0.0019822
2.26667	0.00176891
2.28	0.00157547
2.29333	0.00140031
2.30667	0.00124196
2.32	0.00109905
2.33333	0.000970312
2.34667	0.000854575
2.36	0.000750743
2.37333	0.000657799
2.38667	0.000574797
2.4	0.000500861
2.41333	0.000435172
2.42667	0.000376974
2.44	0.000325561
2.45333	0.000280281
2.46667	0.000240527
2.48	0.000205743
2.49333	0.000175411
2.50667	0.000149054
2.52	0.000126234
2.53333	0.000106551
2.54667	8.96392e-05
2.56	7.51644e-05
2.57333	6.2825e-05
2.58667	5.23485e-05
2.6	4.34885e-05
2.61333	3.60269e-05
2.62667	2.97677e-05
2.64	2.45385e-05
2.65333	2.01861e-05
2.66667	1.65776e-05
2.68	1.35963e-05
2.69333	1.11415e-05
2.70667	9.12694e-06
2.72	7.47814e-06
2.73333	6.13217e-06
2.74667	5.03569e-06
2.76	4.1441e-06
2.77333	3.41994e-06
2.78667	2.83195e-06
2.8	2.35464e-06
2.81333	1.96696e-06
2.82667	1.65162e-06
2.84	1.39483e-06
2.85333	1.18504e-06
2.86667	1.0132e-06
2.88	8.71757e-07
2.89333	7.54943e-07
2.90667	6.57949e-07
2.92	5.76869e-07
2.93333	5.08736e-07
2.94667	4.51004e-07
2.96	4.01719e-07
2.97333	3.59287e-07
2.98667	3.22437e-07
3	2.90131e-07
3.01333	2.61561e-07
3.02667	2.36093e-07
3.04	2.13265e-07
3.05333	1.92551e-07
3.06667	1.73752e-07
3.08	1.56535e-07
3.09333	1.40758e-07
3.10667	1.26261e-07
3.12	1.12938e-07
3.13333	1.00667e-07
3.14667	8.94014e-08
3.16	7.90731e-08
3.17333	6.96694e-08
3.18667	6.10911e-08
3.2	5.33357e-08
3.21333	4.63435e-08
3.22667	4.00565e-08
3.24	3.44564e-08
3.25333	2.94859e-08
3.26667	2.50889e-08
3.28	2.12466e-08
3.29333	1.78991e-08
3.30667	1.50004e-08
3.32	1.25033e-08
3.33333	1.03623e-08
3.34667	8.5415e-09
3.36	7.00405e-09
3.37333	5.71263e-09
3.38667	4.63658e-09
3.4	3.73913e-09
3.41333	2.99967e-09
3.42667	2.39703e-09
3.44	1.90116e-09
3.45333	1.50203e-09
3.46667	1.17989e-09
3.48	9.2144e-10
3.49333	7.15632e-10
3.50667	5.54628e-10
3.52	4.2459e-10
3.53333	3.25448e-10
3.54667	2.48094e-10
3.56	1.8777e-10
3.57333	1.41469e-10
3.58667	1.06022e-10
3.6	7.87211e-11
3.61333	5.85996e-11
3.62667	4.36731e-11
3.64	3.17137e-11
3.65333	2.32647e-11
3.66667	1.67836e-11
3.68	1.21113e-11
3.69333	8.73194e-12
3.70667	6.37326e-12
3.72	4.53549e-12
3.73333	3.32395e-12
3.74667	2.38454e-12
3.76	1.60018e-12
3.77333	1.10499e-12
3.78667	7.65784e-13
3.8	5.25395e-13
3.81333	3.71278e-13
3.82667	2.59472e-13
3.84	1.72118e-13
3.85333	1.30409e-13
3.86667	1.08118e-13
3.88	6.56132e-14
3.89333	4.66177e-14
3.90667	3.31839e-14
3.92	2.16619e-14
3.93333	1.49037e-14
3.94667	1.18584e-14
3.96	7.0871e-15
3.97333	4.5006e-15
3.98667	4.00023e-15
