-4	2.51989e-14
-3.98667	3.30237e-14
-3.97333	4.68726e-14
-3.96	6.67207e-14
-3.94667	9.58953e-14
-3.93333	1.29905e-13
-3.92	1.91885e-13
-3.90667	2.67229e-13
-3.89333	3.79327e-13
-3.88	5.18094e-13
-3.86667	7.28308e-13
-3.85333	9.86613e-13
-3.84	1.37789e-12
-3.82667	1.84965e-12
-3.81333	2.52508e-12
-3.8	3.37757e-12
-3.78667	4.58007e-12
-3.77333	6.09586e-12
-3.76	8.12762e-12
-3.74667	1.06935e-11
-3.73333	1.40908e-11
-3.72	1.83266e-11
-3.70667	2.38527e-11
-3.69333	3.06894e-11
-3.68	3.94038e-11
-3.66667	5.0066e-11
-3.65333	6.34328e-11
-3.64	7.92192e-11
-3.62667	9.88993e-11
-3.61333	1.21977e-10
-3.6	1.49738e-10
-3.58667	1.81846e-10
-3.57333	2.19556e-10
-3.56	2.61848e-10
-3.54667	3.1085e-10
-3.53333	3.64821e-10
-3.52	4.24365e-10
-3.50667	4.8897e-10
-3.49333	5.57744e-10
-3.48	6.289e-10
-3.46667	7.019e-10
-3.45333	7.73563e-10
-3.44	8.41343e-10
-3.42667	9.03341e-10
-3.41333	9.54463e-10
-3.4	9.91837e-10
-3.38667	1.01134e-09
-3.37333	1.00991e-09
-3.36	9.84676e-10
-3.34667	9.34221e-10
-3.33333	8.59267e-10
-3.32	7.64313e-10
-3.30667	6.56825e-10
-3.29333	5.52283e-10
-3.28	4.71542e-10
-3.26667	4.44997e-10
-3.25333	5.1597e-10
-3.24	7.40749e-10
-3.22667	1.19395e-09
-3.21333	1.97035e-09
-3.2	3.18979e-09
-3.18667	5.00591e-09
-3.17333	7.59956e-09
-3.16	1.12091e-08
-3.14667	1.61103e-08
-3.13333	2.26538e-08
-3.12	3.12476e-08
-3.10667	4.2409e-08
-3.09333	5.67382e-08
-3.08	7.49889e-08
-3.06667	9.80287e-08
-3.05333	1.26967e-07
-3.04	1.63047e-07
-3.02667	2.07882e-07
-3.01333	2.63312e-07
-3	3.31642e-07
-2.98667	4.1555e-07
-2.97333	5.18379e-07
-2.96	6.4399e-07
-2.94667	7.97193e-07
-2.93333	9.83499e-07
-2.92	1.20983e-06
-2.90667	1.48396e-06
-2.89333	1.8157e-06
-2.88	2.21608e-06
-2.86667	2.69872e-06
-2.85333	3.27901e-06
-2.84	3.97576e-06
-2.82667	4.81014e-06
-2.81333	5.80767e-06
-2.8	6.99697e-06
-2.78667	8.41228e-06
-2.77333	1.00916e-05
-2.76	1.20801e-05
-2.74667	1.44279e-05
-2.73333	1.71935e-05
-2.72	2.04418e-05
-2.70667	2.42476e-05
-2.69333	2.86942e-05
-2.68	3.38761e-05
-2.66667	3.98981e-05
-2.65333	4.68791e-05
-2.64	5.49499e-05
-2.62667	6.42588e-05
-2.61333	7.49683e-05
-2.6	8.72625e-05
-2.58667	0.000101342
-2.57333	0.000117435
-2.56	0.00013579
-2.54667	0.000156687
-2.53333	0.000180437
-2.52	0.000207385
-2.50667	0.000237917
-2.49333	0.000272463
-2.48	0.000311502
-2.46667	0.000355571
-2.45333	0.000405268
-2.44	0.000461261
-2.42667	0.000524296
-2.41333	0.00059521
-2.4	0.000674933
-2.38667	0.000764507
-2.37333	0.000865089
-2.36	0.000977974
-2.34667	0.0011046
-2.33333	0.00124655
-2.32	0.00140561
-2.30667	0.00158374
-2.29333	0.0017831
-2.28	0.00200608
-2.26667	0.00225531
-2.25333	0.00253367
-2.24	0.00284432
-2.22667	0.00319072
-2.21333	0.00357663
-2.2	0.00400612
-2.18667	0.00448363
-2.17333	0.00501393
-2.16	0.00560219
-2.14667	0.00625393
-2.13333	0.00697507
-2.12	0.00777193
-2.10667	0.00865124
-2.09333	0.00962014
-2.08	0.0106861
-2.06667	0.0118572
-2.05333	0.0131415
-2.04	0.0145479
-2.02667	0.0160854
-2.01333	0.0177633
-2	0.0195913
-1.98667	0.0215794
-1.97333	0.0237378
-1.96	0.0260767
-1.94667	0.0286068
-1.93333	0.0313385
-1.92	0.0342825
-1.90667	0.0374493
-1.89333	0.0408494
-1.88	0.0444929
-1.86667	0.0483897
-1.85333	0.0525495
-1.84	0.0569812
-1.82667	0.0616933
-1.81333	0.0666937
-1.8	0.0719895
-1.78667	0.0775866
-1.77333	0.0834904
-1.76	0.0897049
-1.74667	0.0962328
-1.73333	0.103076
-1.72	0.110234
-1.70667	0.117706
-1.69333	0.125488
-1.68	0.133577
-1.66667	0.141965
-1.65333	0.150645
-1.64	0.159606
-1.62667	0.168837
-1.61333	0.178325
-1.6	0.188052
-1.58667	0.198003
-1.57333	0.208158
-1.56	0.218496
-1.54667	0.228994
-1.53333	0.23963
-1.52	0.250376
-1.50667	0.261208
-1.49333	0.272097
-1.48	0.283013
-1.46667	0.293929
-1.45333	0.304813
-1.44	0.315636
-1.42667	0.326365
-1.41333	0.336972
-1.4	0.347424
-1.38667	0.357691
-1.37333	0.367744
-1.36	0.377553
-1.34667	0.387089
-1.33333	0.396326
-1.32	0.405236
-1.30667	0.413795
-1.29333	0.421978
-1.28	0.429763
-1.26667	0.43713
-1.25333	0.444058
-1.24	0.45053
-1.22667	0.45653
-1.21333	0.462044
-1.2	0.46706
-1.18667	0.471566
-1.17333	0.475554
-1.16	0.479017
-1.14667	0.48195
-1.13333	0.48435
-1.12	0.486216
-1.10667	0.487549
-1.09333	0.488351
-1.08	0.488626
-1.06667	0.488381
-1.05333	0.487624
-1.04	0.486366
-1.02667	0.484617
-1.01333	0.482392
-1	0.479705
-0.986667	0.476574
-0.973333	0.473017
-0.96	0.469054
-0.946667	0.464704
-0.933333	0.459992
-0.92	0.454939
-0.906667	0.449571
-0.893333	0.443912
-0.88	0.437988
-0.866667	0.431825
-0.853333	0.42545
-0.84	0.418889
-0.826667	0.412168
-0.813333	0.405315
-0.8	0.398354
-0.786667	0.391313
-0.773333	0.384215
-0.76	0.377084
-0.746667	0.369944
-0.733333	0.362817
-0.72	0.355724
-0.706667	0.348685
-0.693333	0.341717
-0.68	0.334838
-0.666667	0.328064
-0.653333	0.321409
-0.64	0.314886
-0.626667	0.308505
-0.613333	0.302277
-0.6	0.296211
-0.586667	0.290313
-0.573333	0.284589
-0.56	0.279044
-0.546667	0.27368
-0.533333	0.268501
-0.52	0.263507
-0.506667	0.258699
-0.493333	0.254074
-0.48	0.249633
-0.466667	0.245372
-0.453333	0.241289
-0.44	0.237379
-0.426667	0.233638
-0.413333	0.230062
-0.4	0.226645
-0.386667	0.223382
-0.373333	0.220268
-0.36	0.217296
-0.346667	0.214461
-0.333333	0.211756
-0.32	0.209175
-0.306667	0.206713
-0.293333	0.204362
-0.28	0.202119
-0.266667	0.199977
-0.253333	0.19793
-0.24	0.195974
-0.226667	0.194105
-0.213333	0.192318
-0.2	0.190609
-0.186667	0.188975
-0.173333	0.187414
-0.16	0.185924
-0.146667	0.184502
-0.133333	0.183149
-0.12	0.181863
-0.106667	0.180647
-0.0933333	0.179499
-0.08	0.178424
-0.0666667	0.177422
-0.0533333	0.176497
-0.04	0.175654
-0.0266667	0.174895
-0.0133333	0.174227
0	0.173654
0.0133333	0.173183
0.0266667	0.17282
0.04	0.172571
0.0533333	0.172443
0.0666667	0.172443
0.08	0.17258
0.0933333	0.172859
0.106667	0.173288
0.12	0.173874
0.133333	0.174624
0.146667	0.175544
0.16	0.176642
0.173333	0.177922
0.186667	0.179391
0.2	0.181053
0.213333	0.182912
0.226667	0.184972
0.24	0.187237
0.253333	0.189709
0.266667	0.192388
0.28	0.195277
0.293333	0.198375
0.306667	0.201682
0.32	0.205197
0.333333	0.208916
0.346667	0.212838
0.36	0.216958
0.373333	0.221272
0.386667	0.225774
0.4	0.230457
0.413333	0.235316
0.426667	0.240341
0.44	0.245525
0.453333	0.250856
0.466667	0.256326
0.48	0.261921
0.493333	0.26763
0.506667	0.273441
0.52	0.279337
0.533333	0.285306
0.546667	0.29133
0.56	0.297394
0.573333	0.303479
0.586667	0.309568
0.6	0.315641
0.613333	0.321679
0.626667	0.327662
0.64	0.333568
0.653333	0.339377
0.666667	0.345066
0.68	0.350613
0.693333	0.355997
0.706667	0.361195
0.72	0.366186
0.733333	0.370946
0.746667	0.375455
0.76	0.379692
0.773333	0.383636
0.786667	0.387268
0.8	0.39057
0.813333	0.393525
0.826667	0.396116
0.84	0.398328
0.853333	0.40015
0.866667	0.401568
0.88	0.402574
0.893333	0.40316
0.906667	0.403319
0.92	0.403047
0.933333	0.402342
0.946667	0.401203
0.96	0.399632
0.973333	0.397632
0.986667	0.395207
1	0.392365
1.01333	0.389114
1.02667	0.385464
1.04	0.381427
1.05333	0.377013
1.06667	0.372239
1.08	0.367118
1.09333	0.361666
1.10667	0.355901
1.12	0.349839
1.13333	0.343498
1.14667	0.336898
1.16	0.330057
1.17333	0.322994
1.18667	0.315729
1.2	0.308281
1.21333	0.30067
1.22667	0.292915
1.24	0.285037
1.25333	0.277054
1.26667	0.268986
1.28	0.260852
1.29333	0.25267
1.30667	0.244459
1.32	0.236237
1.33333	0.228022
1.34667	0.21983
1.36	0.211679
1.37333	0.203585
1.38667	0.195564
1.4	0.18763
1.41333	0.179799
1.42667	0.172083
1.44	0.164496
1.45333	0.157051
1.46667	0.149758
1.48	0.142628
1.49333	0.135671
1.50667	0.128895
1.52	0.122309
1.53333	0.115919
1.54667	0.109731
1.56	0.103749
1.57333	0.0979778
1.58667	0.0924197
1.6	0.0870765
1.61333	0.0819489
1.62667	0.077037
1.64	0.0723396
1.65333	0.0678549
1.66667	0.0635803
1.68	0.0595125
1.69333	0.0556475
1.70667	0.0519807
1.72	0.048507
1.73333	0.0452209
1.74667	0.0421165
1.76	0.0391876
1.77333	0.0364277
1.78667	0.0338303
1.8	0.0313887
1.81333	0.0290962
1.82667	0.0269459
1.84	0.0249312
1.85333	0.0230454
1.86667	0.0212822
1.88	0.0196351
1.89333	0.018098
1.90667	0.0166649
1.92	0.01533
1.93333	0.0140879
1.94667	0.0129331
1.96	0.0118605
1.97333	0.0108654
1.98667	0.00994294
2	0.00908876
2.01333	0.00829862
2.02667	0.00756849
2.04	0.00689455
2.05333	0.00627316
2.06667	0.00570087
2.08	0.00517441
2.09333	0.00469068
2.10667	0.00424674
2.12	0.00383981
2.13333	0.00346727
2.14667	0.00312664
2.16	0.00281557
2.17333	0.00253187
2.18667	0.00227345
2.2	0.00203837
2.21333	0.0018248
2.22667	0.00163103
2.24	0.00145545
2.25333	0.00129657
2.26667	0.001153
2.28	0.00102344
2.29333	0.000906689
2.30667	0.000801636
2.32	0.00070725
2.33333	0.000622578
2.34667	0.000546745
2.36	0.000478942
2.37333	0.000418428
2.38667	0.000364523
2.4	0.000316601
2.41333	0.000274093
2.42667	0.000236474
2.44	0.000203267
2.45333	0.000174033
2.46667	0.000148372
2.48	0.000125919
2.49333	0.000106341
2.50667	8.93329e-05
2.52	7.46183e-05
2.53333	6.19434e-05
2.54667	5.10779e-05
2.56	4.1812e-05
2.57333	3.39553e-05
2.58667	2.73349e-05
2.6	2.1794e-05
2.61333	1.71913e-05
2.62667	1.33996e-05
2.64	1.03044e-05
2.65333	7.80374e-06
2.66667	5.80683e-06
2.68	4.23321e-06
2.69333	3.01229e-06
2.70667	2.08206e-06
2.72	1.389e-06
2.73333	8.86581e-07
2.74667	5.35466e-07
2.76	3.021e-07
2.77333	1.58586e-07
2.78667	8.17256e-08
2.8	5.26681e-08
2.81333	5.62678e-08
2.82667	8.0594e-08
2.84	1.16485e-07
2.85333	1.57022e-07
2.86667	1.9728e-07
2.88	2.33805e-07
2.89333	2.64515e-07
2.90667	2.88154e-07
2.92	3.04407e-07
2.93333	3.13314e-07
2.94667	3.15481e-07
2.96	3.11615e-07
2.97333	3.02677e-07
2.98667	2.89569e-07
3	2.73328e-07
3.01333	2.54803e-07
3.02667	2.34883e-07
3.04	2.1422e-07
3.05333	1.93489e-07
3.06667	1.73144e-07
3.08	1.53612e-07
3.09333	1.35169e-07
3.10667	1.18014e-07
3.12	1.02253e-07
3.13333	8.79642e-08
3.14667	7.51369e-08
3.16	6.37533e-08
3.17333	5.37414e-08
3.18667	4.5017e-08
3.2	3.74839e-08
3.21333	3.10239e-08
3.22667	2.55333e-08
3.24	2.08904e-08
3.25333	1.69972e-08
3.26667	1.37549e-08
3.28	1.10761e-08
3.29333	8.86945e-09
3.30667	7.0702e-09
3.32	5.6031e-09
3.33333	4.42023e-09
3.34667	3.46978e-09
3.36	2.71031e-09
3.37333	2.10562e-09
3.38667	1.62815e-09
3.4	1.25191e-09
3.41333	9.57947e-10
3.42667	7.29348e-10
3.44	5.51778e-10
3.45333	4.15635e-10
3.46667	3.11077e-10
3.48	2.31542e-10
3.49333	1.70887e-10
3.50667	1.25163e-10
3.52	9.0895e-11
3.53333	6.55435e-11
3.54667	4.65992e-11
3.56	3.2741e-11
3.57333	2.26378e-11
3.58667	1.55105e-11
3.6	1.06018e-11
3.61333	7.25201e-12
3.62667	4.8578e-12
3.64	3.30192e-12
3.65333	2.15239e-12
3.66667	1.39622e-12
3.68	8.49391e-13
3.69333	5.30649e-13
3.70667	3.06671e-13
3.72	1.98765e-13
3.73333	1.23322e-13
3.74667	8.97183e-14
3.76	8.17298e-14
3.77333	7.88054e-14
3.78667	9.71553e-14
3.8	8.48557e-14
3.81333	1.03932e-13
3.82667	1.10206e-13
3.84	1.12083e-13
3.85333	9.50886e-14
3.86667	1.07355e-13
3.88	7.9196e-14
3.89333	8.19376e-14
3.90667	7.06692e-14
3.92	6.66551e-14
3.93333	4.71409e-14
3.94667	5.72943e-14
3.96	2.93229e-14
3.97333	2.68975e-14
3.98667	1.97348e-14
